1691678634216 0 49
1691678634314 0 99
1691678634408 0 149
1691678634504 0 199
1691678634600 0 249
1691678634697 0 299
1691678634795 0 349
1691678634892 0 399
1691678634988 0 449
1691678635085 0 499
1691678635181 0 549
1691678635278 0 599
1691678635374 0 649
1691678635470 0 699
1691678635566 0 749
1691678635662 0 799
1691678635758 0 849
1691678635855 0 899
1691678635954 0 949
1691678636051 0 999
1691678636147 0 1049
1691678636242 0 1099
1691678636338 0 1149
1691678636434 0 1199
1691678636530 0 1249
1691678636626 0 1299
1691678636721 0 1349
1691678636817 0 1399
1691678636913 0 1449
1691678637008 0 1499
1691678637104 0 1549
1691678637200 0 1599
1691678637295 0 1649
1691678637391 0 1699
1691678637486 0 1749
1691678637582 0 1799
1691678637677 0 1849
1691678637773 0 1899
1691678637869 0 1949
1691678637964 0 1999
1691678638060 0 2049
1691678638155 0 2099
1691678638251 0 2149
1691678638346 0 2199
1691678638444 0 2249
1691678638541 0 2299
1691678638637 0 2349
1691678638732 0 2399
1691678638827 0 2449
1691678638922 0 2499
1691678639017 0 2549
1691678639113 0 2599
1691678639208 0 2649
1691678639303 0 2699
1691678639398 0 2749
1691678639493 0 2799
1691678639588 0 2849
1691678639683 0 2899
1691678639778 0 2949
1691678639873 0 2999
1691678639969 0 3049
1691678640064 0 3099
1691678640160 0 3149
1691678640255 0 3199
1691678640350 0 3249
1691678640446 0 3299
1691678640542 0 3349
1691678640637 0 3399
1691678640733 0 3449
1691678640829 0 3499
1691678640924 0 3549
1691678641023 0 3599
1691678641119 0 3649
1691678641215 0 3699
1691678641310 0 3749
1691678641406 0 3799
1691678641503 0 3849
1691678641598 0 3899
1691678641694 0 3949
1691678641789 0 3999
1691678641885 0 4049
1691678641981 0 4099
1691678642076 0 4149
1691678642172 0 4199
1691678642268 0 4249
1691678642364 0 4299
1691678642459 0 4349
1691678642555 0 4399
1691678642651 0 4449
1691678642746 0 4499
1691678642842 0 4549
1691678642938 0 4599
1691678643034 0 4649
1691678643130 0 4699
1691678643226 0 4749
1691678643322 0 4799
1691678643418 0 4849
1691678643514 0 4899
1691678643610 0 4949
1691678643706 0 4999
1691678643802 0 5049
1691678643898 0 5099
1691678643994 0 5149
1691678644090 0 5199
1691678644185 0 5249
1691678644281 0 5299
1691678644378 0 5349
1691678644473 0 5399
1691678644569 0 5449
1691678644665 0 5499
1691678644761 0 5549
1691678644857 0 5599
1691678644953 0 5649
1691678645050 0 5699
1691678645146 0 5749
1691678645245 0 5799
1691678645343 0 5849
1691678645439 0 5899
1691678645535 0 5949
1691678645631 0 5999
1691678645727 0 6049
1691678645823 0 6099
1691678645919 0 6149
1691678646015 0 6199
1691678646114 0 6249
1691678646211 0 6299
1691678646307 0 6349
1691678646403 0 6399
1691678646500 0 6449
1691678646596 0 6499
1691678646692 0 6549
1691678646788 0 6599
1691678646884 0 6649
1691678646980 0 6699
1691678647076 0 6749
1691678647172 0 6799
1691678647268 0 6849
1691678647364 0 6899
1691678647460 0 6949
1691678647556 0 6999
1691678647652 0 7049
1691678647747 0 7099
1691678647843 0 7149
1691678647939 0 7199
1691678648035 0 7249
1691678648131 0 7299
1691678648227 0 7349
1691678648323 0 7399
1691678648418 0 7449
1691678648515 0 7499
1691678648611 0 7549
1691678648708 0 7599
1691678648803 0 7649
1691678648899 0 7699
1691678648995 0 7749
1691678649091 0 7799
1691678649188 0 7849
1691678649286 0 7899
1691678649384 0 7949
1691678649481 0 7999
1691678649578 0 8049
1691678649673 0 8099
1691678649769 0 8149
1691678649867 0 8199
1691678649963 0 8249
1691678650059 0 8299
1691678650155 0 8349
1691678650251 0 8399
1691678650347 0 8449
1691678650443 0 8499
1691678650539 0 8549
1691678650635 0 8599
1691678650730 0 8649
1691678650826 0 8699
1691678650922 0 8749
1691678651018 0 8799
1691678651118 0 8849
1691678651214 0 8899
1691678651310 0 8949
1691678651406 0 8999
1691678651503 0 9049
1691678651599 0 9099
1691678651695 0 9149
1691678651792 0 9199
1691678651888 0 9249
1691678651984 0 9299
1691678652080 0 9349
1691678652177 0 9399
1691678652272 0 9449
1691678652368 0 9499
1691678652465 0 9549
1691678652561 0 9599
1691678652657 0 9649
1691678652753 0 9699
1691678652849 0 9749
1691678652946 0 9799
1691678653042 0 9849
1691678653138 0 9899
1691678653234 0 9949
1691678653330 0 9999
1691678653427 0 10049
1691678653523 0 10099
1691678653620 0 10149
1691678653716 0 10199
1691678653812 0 10249
1691678653910 0 10299
1691678654006 0 10349
1691678654104 0 10399
1691678654201 0 10449
1691678654298 0 10499
1691678654394 0 10549
1691678654490 0 10599
1691678654586 0 10649
1691678654681 0 10699
1691678654777 0 10749
1691678654873 0 10799
1691678654970 0 10849
1691678655066 0 10899
1691678655161 0 10949
1691678655258 0 10999
1691678655354 0 11049
1691678655450 0 11099
1691678655546 0 11149
1691678655642 0 11199
1691678655738 0 11249
1691678655834 0 11299
1691678655930 0 11349
1691678656026 0 11399
1691678656129 0 11449
1691678656226 0 11499
1691678656323 0 11549
1691678656420 0 11599
1691678656517 0 11649
1691678656613 0 11699
1691678656709 0 11749
1691678656802 0 11799
1691678656895 0 11849
1691678656991 0 11899
1691678657087 0 11949
1691678657182 0 11999
1691678657278 0 12049
1691678657374 0 12099
1691678657470 0 12149
1691678657566 0 12199
1691678657662 0 12249
1691678657757 0 12299
1691678657855 0 12349
1691678657952 0 12399
1691678658050 0 12449
1691678658148 0 12499
1691678658245 0 12549
1691678658343 0 12599
1691678658442 0 12649
1691678658540 0 12699
1691678658636 0 12749
1691678658733 0 12799
1691678658829 0 12849
1691678658924 0 12899
1691678659019 0 12949
1691678659114 0 12999
1691678659207 0 13049
1691678659301 0 13099
1691678659394 0 13149
1691678659488 0 13199
1691678659582 0 13249
1691678659675 0 13299
1691678659768 0 13349
1691678659862 0 13399
1691678659955 0 13449
1691678660048 0 13499
1691678660141 0 13549
1691678660235 0 13599
1691678660328 0 13649
1691678660421 0 13699
1691678660514 0 13749
1691678660607 0 13799
1691678660700 0 13849
1691678660793 0 13899
1691678660886 0 13949
1691678660980 0 13999
1691678661073 0 14049
1691678661183 0 14099
1691678661279 0 14149
1691678661375 0 14199
1691678661472 0 14249
1691678661568 0 14299
1691678661664 0 14349
1691678661759 0 14399
1691678661856 0 14449
1691678661952 0 14499
1691678662048 0 14549
1691678662143 0 14599
1691678662239 0 14649
1691678662335 0 14699
1691678662431 0 14749
1691678662527 0 14799
1691678662623 0 14849
1691678662718 0 14899
1691678662814 0 14949
1691678662911 0 14999
1691678663007 0 15049
1691678663103 0 15099
1691678663199 0 15149
1691678663294 0 15199
1691678663390 0 15249
1691678663485 0 15299
1691678663578 0 15349
1691678663672 0 15399
1691678663764 0 15449
1691678663855 0 15499
1691678663951 0 15549
1691678664048 0 15599
1691678664146 0 15649
1691678664242 0 15699
1691678664339 0 15749
1691678664436 0 15799
1691678664533 0 15849
1691678664630 0 15899
1691678664728 0 15949
1691678664824 0 15999
1691678664921 0 16049
1691678665017 0 16099
1691678665112 0 16149
1691678665208 0 16199
1691678665304 0 16249
1691678665400 0 16299
1691678665496 0 16349
1691678665592 0 16399
1691678665688 0 16449
1691678665783 0 16499
1691678665879 0 16549
1691678665975 0 16599
1691678666071 0 16649
1691678666166 0 16699
1691678666265 0 16749
1691678666361 0 16799
1691678666457 0 16849
1691678666556 0 16899
1691678666653 0 16949
1691678666749 0 16999
1691678666845 0 17049
1691678666941 0 17099
1691678667036 0 17149
1691678667132 0 17199
1691678667228 0 17249
1691678667324 0 17299
1691678667420 0 17349
1691678667515 0 17399
1691678667610 0 17449
1691678667705 0 17499
1691678667801 0 17549
1691678667895 0 17599
1691678667988 0 17649
1691678668081 0 17699
1691678668174 0 17749
1691678668266 0 17799
1691678668360 0 17849
1691678668453 0 17899
1691678668546 0 17949
1691678668639 0 17999
1691678668731 0 18049
1691678668824 0 18099
1691678668917 0 18149
1691678669010 0 18199
1691678669104 0 18249
1691678669196 0 18299
1691678669289 0 18349
1691678669382 0 18399
1691678669475 0 18449
1691678669569 0 18499
1691678669661 0 18549
1691678669755 0 18599
1691678669848 0 18649
1691678669942 0 18699
1691678670034 0 18749
1691678670127 0 18799
1691678670220 0 18849
1691678670313 0 18899
1691678670405 0 18949
1691678670500 0 18999
1691678670611 0 19049
1691678670711 0 19099
1691678670805 0 19149
1691678670900 0 19199
1691678670993 0 19249
1691678671088 0 19299
1691678671182 0 19349
1691678671296 0 19399
1691678671390 0 19449
1691678671485 0 19499
1691678671580 0 19549
1691678671673 0 19599
1691678671767 0 19649
1691678671865 0 19699
1691678671962 0 19749
1691678672055 0 19799
1691678672151 0 19849
1691678672245 0 19899
1691678672338 0 19949
1691678672432 0 19999
1691678672527 0 20049
1691678672621 0 20099
1691678672715 0 20149
1691678672811 0 20199
1691678672906 0 20249
1691678673001 0 20299
1691678673096 0 20349
1691678673191 0 20399
1691678673286 0 20449
1691678673380 0 20499
1691678673475 0 20549
1691678673571 0 20599
1691678673667 0 20649
1691678673763 0 20699
1691678673859 0 20749
1691678673955 0 20799
1691678674050 0 20849
1691678674146 0 20899
1691678674242 0 20949
1691678674337 0 20999
1691678674433 0 21049
1691678674529 0 21099
1691678674624 0 21149
1691678674720 0 21199
1691678674817 0 21249
1691678674913 0 21299
1691678675009 0 21349
1691678675105 0 21399
1691678675200 0 21449
1691678675296 0 21499
1691678675392 0 21549
1691678675488 0 21599
1691678675583 0 21649
1691678675679 0 21699
1691678675774 0 21749
1691678675870 0 21799
1691678675965 0 21849
1691678676061 0 21899
1691678676157 0 21949
1691678676253 0 21999
1691678676351 0 22049
1691678676448 0 22099
1691678676544 0 22149
1691678676639 0 22199
1691678676734 0 22249
1691678676827 0 22299
1691678676920 0 22349
1691678677013 0 22399
1691678677106 0 22449
1691678677200 0 22499
1691678677293 0 22549
1691678677386 0 22599
1691678677480 0 22649
1691678677573 0 22699
1691678677667 0 22749
1691678677760 0 22799
1691678677855 0 22849
1691678677950 0 22899
1691678678043 0 22949
1691678678136 0 22999
1691678678231 0 23049
1691678678326 0 23099
1691678678419 0 23149
1691678678513 0 23199
1691678678606 0 23249
1691678678699 0 23299
1691678678792 0 23349
1691678678886 0 23399
1691678678979 0 23449
1691678679072 0 23499
1691678679165 0 23549
1691678679258 0 23599
1691678679352 0 23649
