1691678634216 0.0929185301065445 49
1691678634314 0.054391566663980484 99
1691678634408 0.04762306064367294 149
1691678634504 0.04466234892606735 199
1691678634600 0.0687130019068718 249
1691678634697 0.0593084990978241 299
1691678634795 0.054735708981752396 349
1691678634892 0.04964429885149002 399
1691678634988 0.10134827345609665 449
1691678635085 0.04981653392314911 499
1691678635181 0.05631858482956886 549
1691678635278 0.04933491349220276 599
1691678635374 0.05981697142124176 649
1691678635470 0.05094108730554581 699
1691678635566 0.06646529585123062 749
1691678635662 0.03698550909757614 799
1691678635758 0.05409630015492439 849
1691678635855 0.06683120876550674 899
1691678635954 0.061100635677576065 949
1691678636051 0.03509734943509102 999
1691678636147 0.05874546989798546 1049
1691678636242 0.055215492844581604 1099
1691678636338 0.051574546843767166 1149
1691678636434 0.053132254630327225 1199
1691678636530 0.05215529724955559 1249
1691678636626 0.05077245086431503 1299
1691678636721 0.04514571651816368 1349
1691678636817 0.041245389729738235 1399
1691678636913 0.04799264669418335 1449
1691678637008 0.07544338703155518 1499
1691678637104 0.05001009628176689 1549
1691678637200 0.05378687009215355 1599
1691678637295 0.033009208738803864 1649
1691678637391 0.04172564297914505 1699
1691678637486 0.04928533732891083 1749
1691678637582 0.08532718569040298 1799
1691678637677 0.057361748069524765 1849
1691678637773 0.05224647745490074 1899
1691678637869 0.05076581612229347 1949
1691678637964 0.053827498108148575 1999
1691678638060 0.04679686576128006 2049
1691678638155 0.02501525543630123 2099
1691678638251 0.06013217940926552 2149
1691678638346 0.030163263902068138 2199
1691678638444 0.03532598540186882 2249
1691678638541 0.07094469666481018 2299
1691678638637 0.04807238653302193 2349
1691678638732 0.05248104780912399 2399
1691678638827 0.01582912914454937 2449
1691678638922 0.07316295057535172 2499
1691678639017 0.05385136976838112 2549
1691678639113 0.01601848006248474 2599
1691678639208 0.043852321803569794 2649
1691678639303 0.036532334983348846 2699
1691678639398 0.06883350759744644 2749
1691678639493 0.038449764251708984 2799
1691678639588 0.03461708128452301 2849
1691678639683 0.05102711170911789 2899
1691678639778 0.055429428815841675 2949
1691678639873 0.08960552513599396 2999
1691678639969 0.04030062258243561 3049
1691678640064 0.06820051372051239 3099
1691678640160 0.06681877374649048 3149
1691678640255 0.03804127871990204 3199
1691678640350 0.03780738264322281 3249
1691678640446 0.05259966105222702 3299
1691678640542 0.04376060888171196 3349
1691678640637 0.05151728540658951 3399
1691678640733 0.06621424853801727 3449
1691678640829 0.027521396055817604 3499
1691678640924 0.05566570535302162 3549
1691678641023 0.06030150130391121 3599
1691678641119 0.028960101306438446 3649
1691678641215 0.053607743233442307 3699
1691678641310 0.01755896955728531 3749
1691678641406 0.06585559248924255 3799
1691678641503 0.05065150931477547 3849
1691678641598 0.04591533914208412 3899
1691678641694 0.053955331444740295 3949
1691678641789 0.03739849850535393 3999
1691678641885 0.042832355946302414 4049
1691678641981 0.05148572102189064 4099
1691678642076 0.011844626627862453 4149
1691678642172 0.050657086074352264 4199
1691678642268 0.07244686037302017 4249
1691678642364 0.06746359914541245 4299
1691678642459 0.04944486916065216 4349
1691678642555 0.057047877460718155 4399
1691678642651 0.05459019914269447 4449
1691678642746 0.07080536335706711 4499
1691678642842 0.011719957925379276 4549
1691678642938 0.05860936641693115 4599
1691678643034 0.035830676555633545 4649
1691678643130 0.06280018389225006 4699
1691678643226 0.03743543475866318 4749
1691678643322 0.06500266492366791 4799
1691678643418 0.04027634114027023 4849
1691678643514 0.011255281046032906 4899
1691678643610 0.08229436725378036 4949
1691678643706 0.048870962113142014 4999
1691678643802 0.04551535099744797 5049
1691678643898 0.04236335679888725 5099
1691678643994 0.04836367070674896 5149
1691678644090 0.05189570412039757 5199
1691678644185 0.041673190891742706 5249
1691678644281 0.057728130370378494 5299
1691678644378 0.04029680788516998 5349
1691678644473 0.054584093391895294 5399
1691678644569 0.03408443555235863 5449
1691678644665 0.026101447641849518 5499
1691678644761 0.03627439960837364 5549
1691678644857 0.05139656737446785 5599
1691678644953 0.07176264375448227 5649
1691678645050 0.029796259477734566 5699
1691678645146 0.06377305090427399 5749
1691678645245 0.04367753490805626 5799
1691678645343 0.030187031254172325 5849
1691678645439 0.07124555855989456 5899
1691678645535 0.08059842139482498 5949
1691678645631 0.032977279275655746 5999
1691678645727 0.04820805415511131 6049
1691678645823 0.04815863072872162 6099
1691678645919 0.04325872287154198 6149
1691678646015 0.060603510588407516 6199
1691678646114 0.03792576491832733 6249
1691678646211 0.06150243058800697 6299
1691678646307 0.011836557649075985 6349
1691678646403 0.04481721296906471 6399
1691678646500 0.036697082221508026 6449
1691678646596 0.06114431098103523 6499
1691678646692 0.046871740370988846 6549
1691678646788 0.050870005041360855 6599
1691678646884 0.06277331709861755 6649
1691678646980 0.05010788515210152 6699
1691678647076 0.06671950966119766 6749
1691678647172 0.08054854720830917 6799
1691678647268 0.04482824727892876 6849
1691678647364 0.1403817981481552 6899
1691678647460 0.0341300405561924 6949
1691678647556 0.013540156185626984 6999
1691678647652 0.036879513412714005 7049
1691678647747 0.04992527887225151 7099
1691678647843 0.0426899753510952 7149
1691678647939 0.056641727685928345 7199
1691678648035 0.058089468628168106 7249
1691678648131 0.06899426132440567 7299
1691678648227 0.04916137456893921 7349
1691678648323 0.07828119397163391 7399
1691678648418 0.04623313248157501 7449
1691678648515 0.0626920536160469 7499
1691678648611 0.06397082656621933 7549
1691678648708 0.06071557104587555 7599
1691678648803 0.055448979139328 7649
1691678648899 0.009390435181558132 7699
1691678648995 0.014015141874551773 7749
1691678649091 0.06306269764900208 7799
1691678649188 0.04170871526002884 7849
1691678649286 0.011209056712687016 7899
1691678649384 0.02811630815267563 7949
1691678649481 0.026027722284197807 7999
1691678649578 0.05405391380190849 8049
1691678649673 0.051826342940330505 8099
1691678649769 0.033724721521139145 8149
1691678649867 0.04457775875926018 8199
1691678649963 0.03301064670085907 8249
1691678650059 0.033553604036569595 8299
1691678650155 0.04280850663781166 8349
1691678650251 0.06441653519868851 8399
1691678650347 0.027201704680919647 8449
1691678650443 0.014675669372081757 8499
1691678650539 0.04729754105210304 8549
1691678650635 0.053211044520139694 8599
1691678650730 0.06583768129348755 8649
1691678650826 0.06658641248941422 8699
1691678650922 0.02036900818347931 8749
1691678651018 0.06120768189430237 8799
1691678651118 0.035365015268325806 8849
1691678651214 0.04313480108976364 8899
1691678651310 0.0396302305161953 8949
1691678651406 0.06068665534257889 8999
1691678651503 0.05353197827935219 9049
1691678651599 0.045897580683231354 9099
1691678651695 0.03953080251812935 9149
1691678651792 0.035258110612630844 9199
1691678651888 0.052572354674339294 9249
1691678651984 0.028600726276636124 9299
1691678652080 0.03041408397257328 9349
1691678652177 0.06612155586481094 9399
1691678652272 0.013118300586938858 9449
1691678652368 0.04536701738834381 9499
1691678652465 0.05398642271757126 9549
1691678652561 0.03225374221801758 9599
1691678652657 0.07694447785615921 9649
1691678652753 0.04395563527941704 9699
1691678652849 0.050276171416044235 9749
1691678652946 0.06243862956762314 9799
1691678653042 0.04007985070347786 9849
1691678653138 0.07367490231990814 9899
1691678653234 0.08095919340848923 9949
1691678653330 0.04267092049121857 9999
1691678653427 0.04259597882628441 10049
1691678653523 0.04895348474383354 10099
1691678653620 0.041278526186943054 10149
1691678653716 0.04230261594057083 10199
1691678653812 0.021086804568767548 10249
1691678653910 0.044070836156606674 10299
1691678654006 0.03643997386097908 10349
1691678654104 0.0461062453687191 10399
1691678654201 0.047892674803733826 10449
1691678654298 0.06101592257618904 10499
1691678654394 0.05925598740577698 10549
1691678654490 0.05289134010672569 10599
1691678654586 0.07487532496452332 10649
1691678654681 0.04181065410375595 10699
1691678654777 0.04335968568921089 10749
1691678654873 0.0664234459400177 10799
1691678654970 0.06525450199842453 10849
1691678655066 0.0815507099032402 10899
1691678655161 0.034903183579444885 10949
1691678655258 0.05136851221323013 10999
1691678655354 0.05022398382425308 11049
1691678655450 0.03391470015048981 11099
1691678655546 0.05658545717597008 11149
1691678655642 0.03596147522330284 11199
1691678655738 0.03499692305922508 11249
1691678655834 0.046845484524965286 11299
1691678655930 0.055861733853816986 11349
1691678656026 0.017385095357894897 11399
1691678656129 0.04600800201296806 11449
1691678656226 0.05067398026585579 11499
1691678656323 0.04891952499747276 11549
1691678656420 0.0320996455848217 11599
1691678656517 0.06330407410860062 11649
1691678656613 0.04804474487900734 11699
1691678656709 0.010173370130360126 11749
1691678656802 0.048003870993852615 11799
1691678656895 0.03908424451947212 11849
1691678656991 0.039692796766757965 11899
1691678657087 0.016542106866836548 11949
1691678657182 0.059448521584272385 11999
1691678657278 0.07429195940494537 12049
1691678657374 0.021885691210627556 12099
1691678657470 0.008743144571781158 12149
1691678657566 0.04307869076728821 12199
1691678657662 0.05721687525510788 12249
1691678657757 0.06408075988292694 12299
1691678657855 0.044717758893966675 12349
1691678657952 0.029747307300567627 12399
1691678658050 0.07045957446098328 12449
1691678658148 0.05819028243422508 12499
1691678658245 0.05660630762577057 12549
1691678658343 0.051505643874406815 12599
1691678658442 0.04860007017850876 12649
1691678658540 0.03758994862437248 12699
1691678658636 0.05503195524215698 12749
1691678658733 0.059842877089977264 12799
1691678658829 0.06218189001083374 12849
1691678658924 0.04897814244031906 12899
1691678659019 0.038825590163469315 12949
1691678659114 0.05543513223528862 12999
1691678659207 0.03665195778012276 13049
1691678659301 0.048566482961177826 13099
1691678659394 0.07012356072664261 13149
1691678659488 0.04591242969036102 13199
1691678659582 0.055092085152864456 13249
1691678659675 0.052283547818660736 13299
1691678659768 0.053532082587480545 13349
1691678659862 0.04688331112265587 13399
1691678659955 0.04195782542228699 13449
1691678660048 0.049279697239398956 13499
1691678660141 0.03312712535262108 13549
1691678660235 0.05047457292675972 13599
1691678660328 0.0474531315267086 13649
1691678660421 0.04680183529853821 13699
1691678660514 0.028864864259958267 13749
1691678660607 0.03163495287299156 13799
1691678660700 0.09827210754156113 13849
1691678660793 0.03127988427877426 13899
1691678660886 0.04438334330916405 13949
1691678660980 0.040699925273656845 13999
1691678661073 0.0736936703324318 14049
1691678661183 0.06377087533473969 14099
1691678661279 0.036987293511629105 14149
1691678661375 0.012669801712036133 14199
1691678661472 0.053912676870822906 14249
1691678661568 0.06218840926885605 14299
1691678661664 0.04142498970031738 14349
1691678661759 0.05551237240433693 14399
1691678661856 0.05054516717791557 14449
1691678661952 0.02942485921084881 14499
1691678662048 0.0286233052611351 14549
1691678662143 0.05303332582116127 14599
1691678662239 0.04039359837770462 14649
1691678662335 0.03221143037080765 14699
1691678662431 0.035283979028463364 14749
1691678662527 0.08326604217290878 14799
1691678662623 0.07154691964387894 14849
1691678662718 0.053344909101724625 14899
1691678662814 0.03429466113448143 14949
1691678662911 0.049732547253370285 14999
1691678663007 0.049839600920677185 15049
1691678663103 0.06437131017446518 15099
1691678663199 0.040610264986753464 15149
1691678663294 0.06631649285554886 15199
1691678663390 0.01980973593890667 15249
1691678663485 0.04720473662018776 15299
1691678663578 0.06101832538843155 15349
1691678663672 0.05103946104645729 15399
1691678663764 0.08082006126642227 15449
1691678663855 0.04450598359107971 15499
1691678663951 0.04107467457652092 15549
1691678664048 0.060638051480054855 15599
1691678664146 0.06749805808067322 15649
1691678664242 0.04282715916633606 15699
1691678664339 0.0468820258975029 15749
1691678664436 0.010701081715524197 15799
1691678664533 0.06500278413295746 15849
1691678664630 0.025951750576496124 15899
1691678664728 0.06035670265555382 15949
1691678664824 0.022554829716682434 15999
1691678664921 0.012506411410868168 16049
1691678665017 0.07659731805324554 16099
1691678665112 0.04049922525882721 16149
1691678665208 0.03167269751429558 16199
1691678665304 0.05914383754134178 16249
1691678665400 0.04124198108911514 16299
1691678665496 0.07355653494596481 16349
1691678665592 0.10360832512378693 16399
1691678665688 0.04118999093770981 16449
1691678665783 0.01680084876716137 16499
1691678665879 0.06453520804643631 16549
1691678665975 0.02863146737217903 16599
1691678666071 0.02031133323907852 16649
1691678666166 0.0339542031288147 16699
1691678666265 0.027174556627869606 16749
1691678666361 0.010135883465409279 16799
1691678666457 0.04670417308807373 16849
1691678666556 0.050713859498500824 16899
1691678666653 0.044313088059425354 16949
1691678666749 0.0592794194817543 16999
1691678666845 0.023951057344675064 17049
1691678666941 0.05227981507778168 17099
1691678667036 0.03918462619185448 17149
1691678667132 0.05411515757441521 17199
1691678667228 0.036051832139492035 17249
1691678667324 0.03196406364440918 17299
1691678667420 0.04436098784208298 17349
1691678667515 0.04130329191684723 17399
1691678667610 0.03758110851049423 17449
1691678667705 0.044121984392404556 17499
1691678667801 0.05911241099238396 17549
1691678667895 0.03558993712067604 17599
1691678667988 0.05248602479696274 17649
1691678668081 0.04864877834916115 17699
1691678668174 0.01914685033261776 17749
1691678668266 0.033476658165454865 17799
1691678668360 0.023908672854304314 17849
1691678668453 0.06287089735269547 17899
1691678668546 0.0675554946064949 17949
1691678668639 0.06032070517539978 17999
1691678668731 0.04120278358459473 18049
1691678668824 0.09076277911663055 18099
1691678668917 0.049659766256809235 18149
1691678669010 0.0147043252363801 18199
1691678669104 0.038770642131567 18249
1691678669196 0.07243479043245316 18299
1691678669289 0.056890249252319336 18349
1691678669382 0.052755266427993774 18399
1691678669475 0.06625949591398239 18449
1691678669569 0.03173298016190529 18499
1691678669661 0.043635349720716476 18549
1691678669755 0.07143409550189972 18599
1691678669848 0.05223699286580086 18649
1691678669942 0.03253941237926483 18699
1691678670034 0.011679602786898613 18749
1691678670127 0.05015918239951134 18799
1691678670220 0.031086264178156853 18849
1691678670313 0.045702703297138214 18899
1691678670405 0.017042890191078186 18949
1691678670500 0.032121360301971436 18999
1691678670611 0.03655679523944855 19049
1691678670711 0.055928219109773636 19099
1691678670805 0.06690069288015366 19149
1691678670900 0.05236776918172836 19199
1691678670993 0.06507062911987305 19249
1691678671088 0.034474700689315796 19299
1691678671182 0.04830152913928032 19349
1691678671296 0.049657221883535385 19399
1691678671390 0.026022523641586304 19449
1691678671485 0.041792575269937515 19499
1691678671580 0.0710078626871109 19549
1691678671673 0.05519035831093788 19599
1691678671767 0.06989710032939911 19649
1691678671865 0.06935714930295944 19699
1691678671962 0.044187504798173904 19749
1691678672055 0.06722165644168854 19799
1691678672151 0.06177515164017677 19849
1691678672245 0.03049420192837715 19899
1691678672338 0.06802226603031158 19949
1691678672432 0.036343447864055634 19999
1691678672527 0.04859151691198349 20049
1691678672621 0.05213911458849907 20099
1691678672715 0.07974492013454437 20149
1691678672811 0.03833968564867973 20199
1691678672906 0.03206507861614227 20249
1691678673001 0.08011140674352646 20299
1691678673096 0.04396592080593109 20349
1691678673191 0.06757823377847672 20399
1691678673286 0.030881106853485107 20449
1691678673380 0.0603087842464447 20499
1691678673475 0.021528836339712143 20549
1691678673571 0.06301376968622208 20599
1691678673667 0.09255099296569824 20649
1691678673763 0.02099267952144146 20699
1691678673859 0.012569159269332886 20749
1691678673955 0.06001681089401245 20799
1691678674050 0.07627878338098526 20849
1691678674146 0.02905336208641529 20899
1691678674242 0.027550609782338142 20949
1691678674337 0.055781736969947815 20999
1691678674433 0.045687418431043625 21049
1691678674529 0.03633148968219757 21099
1691678674624 0.032781243324279785 21149
1691678674720 0.038497041910886765 21199
1691678674817 0.010570905171334743 21249
1691678674913 0.03551745414733887 21299
1691678675009 0.05444750562310219 21349
1691678675105 0.06044183671474457 21399
1691678675200 0.037827275693416595 21449
1691678675296 0.038958217948675156 21499
1691678675392 0.03592412918806076 21549
1691678675488 0.035089753568172455 21599
1691678675583 0.04917388781905174 21649
1691678675679 0.04801913723349571 21699
1691678675774 0.04243747517466545 21749
1691678675870 0.05448351055383682 21799
1691678675965 0.05354061722755432 21849
1691678676061 0.04039227217435837 21899
1691678676157 0.05907242000102997 21949
1691678676253 0.05267045646905899 21999
1691678676351 0.04538793861865997 22049
1691678676448 0.04326324164867401 22099
1691678676544 0.03954388201236725 22149
1691678676639 0.06019489839673042 22199
1691678676734 0.08480992168188095 22249
1691678676827 0.028565648943185806 22299
1691678676920 0.05087825283408165 22349
1691678677013 0.056151676923036575 22399
1691678677106 0.044174399226903915 22449
1691678677200 0.04622671380639076 22499
1691678677293 0.031228644773364067 22549
1691678677386 0.036341097205877304 22599
1691678677480 0.03519250452518463 22649
1691678677573 0.05930963531136513 22699
1691678677667 0.049821462482213974 22749
1691678677760 0.059855397790670395 22799
1691678677855 0.06717311590909958 22849
1691678677950 0.036120928823947906 22899
1691678678043 0.03100820630788803 22949
1691678678136 0.04906034469604492 22999
1691678678231 0.04354901984333992 23049
1691678678326 0.04272286593914032 23099
1691678678419 0.013996335677802563 23149
1691678678513 0.07221873104572296 23199
1691678678606 0.049592453986406326 23249
1691678678699 0.08349597454071045 23299
1691678678792 0.04081214219331741 23349
1691678678886 0.04421272873878479 23399
1691678678979 0.07099241763353348 23449
1691678679072 0.010071752592921257 23499
1691678679165 0.07101228088140488 23549
1691678679258 0.04736117646098137 23599
1691678679352 0.03295806422829628 23649
