1691679253124 0 49
1691679253224 0 99
1691679253324 0 149
1691679253422 0 199
1691679253520 0 249
1691679253617 0 299
1691679253715 0 349
1691679253812 0 399
1691679253909 0 449
1691679254006 0 499
1691679254103 0 549
1691679254201 0 599
1691679254298 0 649
1691679254396 0 699
1691679254493 0 749
1691679254590 0 799
1691679254688 0 849
1691679254786 0 899
1691679254884 0 949
1691679254982 0 999
1691679255077 0 1049
1691679255171 0 1099
1691679255267 0 1149
1691679255363 0 1199
1691679255460 0 1249
1691679255556 0 1299
1691679255651 0 1349
1691679255748 0 1399
1691679255844 0 1449
1691679255940 0 1499
1691679256035 0 1549
1691679256131 0 1599
1691679256226 0 1649
1691679256323 0 1699
1691679256419 0 1749
1691679256515 0 1799
1691679256611 0 1849
1691679256705 0 1899
1691679256798 0 1949
1691679256891 0 1999
1691679256984 0 2049
1691679257077 0 2099
1691679257173 0 2149
1691679257265 0 2199
1691679257358 0 2249
1691679257453 0 2299
1691679257550 0 2349
1691679257648 0 2399
1691679257754 0 2449
1691679257852 0 2499
1691679257949 0 2549
1691679258046 0 2599
1691679258143 0 2649
1691679258239 0 2699
1691679258340 0 2749
1691679258439 0 2799
1691679258537 0 2849
1691679258634 0 2899
1691679258731 0 2949
1691679258828 0 2999
1691679258924 0 3049
1691679259031 0 3099
1691679259130 0 3149
1691679259228 0 3199
1691679259326 0 3249
1691679259422 0 3299
1691679259519 0 3349
1691679259616 0 3399
1691679259712 0 3449
1691679259809 0 3499
1691679259908 0 3549
1691679260007 0 3599
1691679260106 0 3649
1691679260202 0 3699
1691679260299 0 3749
1691679260395 0 3799
1691679260492 0 3849
1691679260588 0 3899
1691679260685 0 3949
1691679260782 0 3999
1691679260879 0 4049
1691679260974 0 4099
1691679261068 0 4149
1691679261162 0 4199
1691679261256 0 4249
1691679261349 0 4299
1691679261443 0 4349
1691679261537 0 4399
1691679261631 0 4449
1691679261724 0 4499
1691679261818 0 4549
1691679261914 0 4599
1691679262011 0 4649
1691679262107 0 4699
1691679262208 0 4749
1691679262304 0 4799
1691679262398 0 4849
1691679262492 0 4899
1691679262588 0 4949
1691679262683 0 4999
1691679262778 0 5049
1691679262873 0 5099
1691679262970 0 5149
1691679263067 0 5199
1691679263164 0 5249
1691679263260 0 5299
1691679263356 0 5349
1691679263452 0 5399
1691679263548 0 5449
1691679263644 0 5499
1691679263740 0 5549
1691679263837 0 5599
1691679263933 0 5649
1691679264029 0 5699
1691679264126 0 5749
1691679264222 0 5799
1691679264319 0 5849
1691679264415 0 5899
1691679264511 0 5949
1691679264608 0 5999
1691679264705 0 6049
1691679264801 0 6099
1691679264899 0 6149
1691679264996 0 6199
1691679265092 0 6249
1691679265189 0 6299
1691679265286 0 6349
1691679265413 0 6399
1691679265508 0 6449
1691679265602 0 6499
1691679265696 0 6549
1691679265791 0 6599
1691679265887 0 6649
1691679265983 0 6699
1691679266078 0 6749
1691679266173 0 6799
1691679266269 0 6849
1691679266364 0 6899
1691679266459 0 6949
1691679266568 0 6999
1691679266664 0 7049
1691679266758 0 7099
1691679266858 0 7149
1691679266954 0 7199
1691679267051 0 7249
1691679267145 0 7299
1691679267261 0 7349
1691679267356 0 7399
1691679267451 0 7449
1691679267545 0 7499
1691679267640 0 7549
1691679267734 0 7599
1691679267829 0 7649
1691679267924 0 7699
1691679268020 0 7749
1691679268115 0 7799
1691679268209 0 7849
1691679268304 0 7899
1691679268399 0 7949
1691679268494 0 7999
1691679268589 0 8049
1691679268684 0 8099
1691679268778 0 8149
1691679268875 0 8199
1691679268971 0 8249
1691679269066 0 8299
1691679269161 0 8349
1691679269256 0 8399
1691679269350 0 8449
1691679269445 0 8499
1691679269540 0 8549
1691679269635 0 8599
1691679269730 0 8649
1691679269825 0 8699
1691679269921 0 8749
1691679270018 0 8799
1691679270112 0 8849
1691679270207 0 8899
1691679270302 0 8949
1691679270398 0 8999
1691679270493 0 9049
1691679270588 0 9099
1691679270684 0 9149
1691679270779 0 9199
1691679270875 0 9249
1691679270971 0 9299
1691679271067 0 9349
1691679271161 0 9399
1691679271256 0 9449
1691679271350 0 9499
1691679271445 0 9549
1691679271540 0 9599
1691679271635 0 9649
1691679271729 0 9699
1691679271825 0 9749
1691679271920 0 9799
1691679272016 0 9849
1691679272110 0 9899
1691679272205 0 9949
1691679272321 0 9999
1691679272416 0 10049
1691679272511 0 10099
1691679272606 0 10149
1691679272701 0 10199
1691679272796 0 10249
1691679272890 0 10299
1691679272986 0 10349
1691679273082 0 10399
1691679273178 0 10449
1691679273275 0 10499
1691679273370 0 10549
1691679273466 0 10599
1691679273562 0 10649
1691679273658 0 10699
1691679273754 0 10749
1691679273850 0 10799
1691679273946 0 10849
1691679274042 0 10899
1691679274138 0 10949
1691679274234 0 10999
1691679274330 0 11049
1691679274426 0 11099
1691679274522 0 11149
1691679274619 0 11199
1691679274714 0 11249
1691679274811 0 11299
1691679274908 0 11349
1691679275005 0 11399
1691679275101 0 11449
1691679275197 0 11499
1691679275293 0 11549
1691679275389 0 11599
1691679275486 0 11649
1691679275582 0 11699
1691679275678 0 11749
1691679275774 0 11799
1691679275870 0 11849
1691679275967 0 11899
1691679276063 0 11949
1691679276159 0 11999
1691679276255 0 12049
1691679276351 0 12099
1691679276447 0 12149
1691679276543 0 12199
1691679276638 0 12249
1691679276735 0 12299
1691679276831 0 12349
1691679276928 0 12399
1691679277024 0 12449
1691679277121 0 12499
1691679277217 0 12549
1691679277317 0 12599
1691679277414 0 12649
1691679277510 0 12699
1691679277607 0 12749
1691679277703 0 12799
1691679277799 0 12849
1691679277896 0 12899
1691679277992 0 12949
1691679278089 0 12999
1691679278185 0 13049
1691679278282 0 13099
1691679278378 0 13149
1691679278475 0 13199
1691679278571 0 13249
1691679278667 0 13299
1691679278763 0 13349
1691679278860 0 13399
1691679278956 0 13449
1691679279053 0 13499
1691679279149 0 13549
1691679279245 0 13599
1691679279341 0 13649
1691679279438 0 13699
1691679279534 0 13749
1691679279630 0 13799
1691679279726 0 13849
1691679279823 0 13899
1691679279919 0 13949
1691679280015 0 13999
1691679280111 0 14049
1691679280207 0 14099
1691679280304 0 14149
1691679280400 0 14199
1691679280496 0 14249
1691679280590 0 14299
1691679280685 0 14349
1691679280781 0 14399
1691679280878 0 14449
1691679280975 0 14499
1691679281071 0 14549
1691679281168 0 14599
1691679281264 0 14649
1691679281361 0 14699
1691679281457 0 14749
1691679281554 0 14799
1691679281650 0 14849
1691679281746 0 14899
1691679281843 0 14949
1691679281939 0 14999
1691679282035 0 15049
1691679282132 0 15099
1691679282229 0 15149
1691679282328 0 15199
1691679282425 0 15249
1691679282521 0 15299
1691679282617 0 15349
1691679282714 0 15399
1691679282810 0 15449
1691679282907 0 15499
1691679283003 0 15549
1691679283099 0 15599
1691679283196 0 15649
1691679283292 0 15699
1691679283388 0 15749
1691679283484 0 15799
1691679283581 0 15849
1691679283677 0 15899
1691679283773 0 15949
1691679283869 0 15999
1691679283965 0 16049
1691679284062 0 16099
1691679284161 0 16149
1691679284256 0 16199
1691679284350 0 16249
1691679284448 0 16299
1691679284546 0 16349
1691679284643 0 16399
1691679284739 0 16449
1691679284837 0 16499
1691679284934 0 16549
1691679285031 0 16599
1691679285128 0 16649
1691679285225 0 16699
1691679285321 0 16749
1691679285418 0 16799
1691679285515 0 16849
1691679285612 0 16899
1691679285708 0 16949
1691679285805 0 16999
1691679285902 0 17049
1691679285999 0 17099
1691679286096 0 17149
1691679286192 0 17199
1691679286288 0 17249
1691679286384 0 17299
1691679286480 0 17349
1691679286576 0 17399
1691679286672 0 17449
1691679286769 0 17499
1691679286864 0 17549
1691679286961 0 17599
1691679287057 0 17649
1691679287154 0 17699
1691679287250 0 17749
1691679287367 0 17799
1691679287463 0 17849
1691679287560 0 17899
1691679287656 0 17949
1691679287752 0 17999
1691679287849 0 18049
1691679287945 0 18099
1691679288041 0 18149
1691679288137 0 18199
1691679288233 0 18249
1691679288329 0 18299
1691679288425 0 18349
1691679288522 0 18399
1691679288619 0 18449
1691679288715 0 18499
1691679288812 0 18549
1691679288909 0 18599
1691679289006 0 18649
1691679289103 0 18699
1691679289199 0 18749
1691679289296 0 18799
1691679289392 0 18849
1691679289489 0 18899
1691679289586 0 18949
1691679289682 0 18999
1691679289778 0 19049
1691679289876 0 19099
1691679289972 0 19149
1691679290069 0 19199
1691679290165 0 19249
1691679290262 0 19299
1691679290358 0 19349
1691679290454 0 19399
1691679290550 0 19449
1691679290646 0 19499
1691679290742 0 19549
1691679290839 0 19599
1691679290936 0 19649
1691679291032 0 19699
1691679291129 0 19749
1691679291225 0 19799
1691679291321 0 19849
1691679291418 0 19899
1691679291515 0 19949
1691679291611 0 19999
1691679291707 0 20049
1691679291803 0 20099
1691679291900 0 20149
1691679291996 0 20199
1691679292093 0 20249
1691679292189 0 20299
1691679292285 0 20349
1691679292403 0 20399
1691679292499 0 20449
1691679292595 0 20499
1691679292691 0 20549
1691679292789 0 20599
1691679292885 0 20649
1691679292981 0 20699
1691679293077 0 20749
1691679293174 0 20799
1691679293269 0 20849
1691679293366 0 20899
1691679293462 0 20949
1691679293558 0 20999
1691679293653 0 21049
1691679293749 0 21099
1691679293845 0 21149
1691679293942 0 21199
1691679294038 0 21249
1691679294134 0 21299
1691679294230 0 21349
1691679294326 0 21399
1691679294422 0 21449
1691679294518 0 21499
1691679294615 0 21549
1691679294711 0 21599
1691679294807 0 21649
1691679294906 0 21699
1691679295004 0 21749
1691679295101 0 21799
1691679295198 0 21849
1691679295294 0 21899
1691679295391 0 21949
1691679295487 0 21999
1691679295583 0 22049
1691679295680 0 22099
1691679295777 0 22149
1691679295873 0 22199
1691679295969 0 22249
1691679296066 0 22299
1691679296162 0 22349
1691679296257 0 22399
1691679296352 0 22449
1691679296448 0 22499
1691679296544 0 22549
1691679296640 0 22599
1691679296735 0 22649
1691679296831 0 22699
1691679296927 0 22749
1691679297023 0 22799
1691679297119 0 22849
1691679297215 0 22899
1691679297308 0 22949
1691679297405 0 22999
1691679297499 0 23049
1691679297592 0 23099
1691679297686 0 23149
1691679297780 0 23199
1691679297873 0 23249
1691679297967 0 23299
1691679298061 0 23349
1691679298155 0 23399
1691679298248 0 23449
1691679298342 0 23499
1691679298435 0 23549
1691679298529 0 23599
1691679298623 0 23649
1691679298717 0 23699
1691679298811 0 23749
1691679298905 0 23799
1691679298999 0 23849
1691679299093 0 23899
1691679299188 0 23949
1691679299283 0 23999
1691679299378 0 24049
1691679299472 0 24099
1691679299566 0 24149
1691679299660 0 24199
1691679299754 0 24249
1691679299850 0 24299
1691679299944 0 24349
1691679300037 0 24399
1691679300131 0 24449
1691679300225 0 24499
1691679300318 0 24549
1691679300411 0 24599
1691679300505 0 24649
1691679300598 0 24699
1691679300692 0 24749
1691679300786 0 24799
1691679300889 0 24849
1691679300984 0 24899
1691679301079 0 24949
1691679301178 0 24999
1691679301273 0 25049
1691679301369 0 25099
1691679301464 0 25149
1691679301560 0 25199
1691679301657 0 25249
1691679301752 0 25299
1691679301848 0 25349
1691679301944 0 25399
1691679302040 0 25449
1691679302135 0 25499
1691679302231 0 25549
1691679302327 0 25599
1691679302443 0 25649
1691679302541 0 25699
1691679302637 0 25749
1691679302735 0 25799
1691679302832 0 25849
1691679302929 0 25899
1691679303026 0 25949
1691679303123 0 25999
1691679303219 0 26049
1691679303316 0 26099
1691679303414 0 26149
1691679303510 0 26199
1691679303607 0 26249
1691679303705 0 26299
1691679303802 0 26349
1691679303899 0 26399
1691679303996 0 26449
1691679304093 0 26499
1691679304190 0 26549
1691679304287 0 26599
1691679304384 0 26649
1691679304482 0 26699
1691679304579 0 26749
1691679304676 0 26799
1691679304773 0 26849
1691679304871 0 26899
1691679304968 0 26949
1691679305065 0 26999
1691679305162 0 27049
1691679305259 0 27099
1691679305356 0 27149
1691679305453 0 27199
1691679305550 0 27249
1691679305647 0 27299
1691679305744 0 27349
1691679305841 0 27399
1691679305939 0 27449
1691679306036 0 27499
1691679306133 0 27549
1691679306231 0 27599
1691679306328 0 27649
1691679306425 0 27699
1691679306522 0 27749
1691679306619 0 27799
1691679306716 0 27849
1691679306813 0 27899
1691679306910 0 27949
1691679307007 0 27999
1691679307105 0 28049
1691679307203 0 28099
1691679307301 0 28149
1691679307398 0 28199
1691679307498 0 28249
1691679307596 0 28299
1691679307693 0 28349
1691679307790 0 28399
1691679307889 0 28449
1691679307986 0 28499
1691679308083 0 28549
1691679308180 0 28599
1691679308277 0 28649
1691679308374 0 28699
1691679308471 0 28749
1691679308567 0 28799
1691679308665 0 28849
1691679308761 0 28899
1691679308859 0 28949
1691679308955 0 28999
1691679309052 0 29049
1691679309148 0 29099
1691679309244 0 29149
1691679309340 0 29199
1691679309436 0 29249
1691679309531 0 29299
1691679309625 0 29349
1691679309718 0 29399
1691679309812 0 29449
1691679309909 0 29499
1691679310003 0 29549
1691679310097 0 29599
1691679310191 0 29649
1691679310286 0 29699
1691679310379 0 29749
1691679310473 0 29799
1691679310567 0 29849
1691679310661 0 29899
1691679310755 0 29949
1691679310849 0 29999
1691679310942 0 30049
1691679311036 0 30099
1691679311130 0 30149
1691679311224 0 30199
1691679311319 0 30249
1691679311413 0 30299
1691679311508 0 30349
1691679311602 0 30399
1691679311699 0 30449
1691679311794 0 30499
1691679311890 0 30549
1691679311986 0 30599
1691679312081 0 30649
1691679312177 0 30699
1691679312275 0 30749
1691679312373 0 30799
1691679312472 0 30849
1691679312573 0 30899
1691679312671 0 30949
1691679312770 0 30999
1691679312868 0 31049
1691679312966 0 31099
1691679313065 0 31149
1691679313161 0 31199
1691679313256 0 31249
1691679313350 0 31299
1691679313444 0 31349
1691679313537 0 31399
1691679313631 0 31449
1691679313727 0 31499
1691679313823 0 31549
1691679313919 0 31599
1691679314014 0 31649
1691679314110 0 31699
1691679314207 0 31749
1691679314304 0 31799
1691679314400 0 31849
1691679314497 0 31899
1691679314595 0 31949
1691679314691 0 31999
1691679314785 0 32049
1691679314880 0 32099
1691679314973 0 32149
1691679315068 0 32199
1691679315161 0 32249
1691679315255 0 32299
1691679315349 0 32349
1691679315443 0 32399
1691679315537 0 32449
1691679315631 0 32499
1691679315725 0 32549
1691679315821 0 32599
1691679315916 0 32649
1691679316011 0 32699
1691679316105 0 32749
1691679316205 0 32799
1691679316300 0 32849
1691679316393 0 32899
1691679316488 0 32949
1691679316581 0 32999
1691679316676 0 33049
1691679316770 0 33099
1691679316864 0 33149
1691679316958 0 33199
1691679317052 0 33249
1691679317146 0 33299
1691679317241 0 33349
1691679317335 0 33399
1691679317429 0 33449
1691679317523 0 33499
1691679317620 0 33549
1691679317714 0 33599
1691679317809 0 33649
1691679317906 0 33699
1691679318002 0 33749
1691679318099 0 33799
1691679318195 0 33849
1691679318292 0 33899
1691679318389 0 33949
1691679318485 0 33999
1691679318582 0 34049
1691679318679 0 34099
1691679318775 0 34149
1691679318872 0 34199
1691679318968 0 34249
1691679319065 0 34299
1691679319162 0 34349
1691679319258 0 34399
1691679319355 0 34449
1691679319451 0 34499
1691679319549 0 34549
1691679319645 0 34599
1691679319743 0 34649
1691679319841 0 34699
1691679319937 0 34749
1691679320035 0 34799
1691679320132 0 34849
1691679320229 0 34899
1691679320326 0 34949
1691679320423 0 34999
1691679320519 0 35049
1691679320616 0 35099
1691679320712 0 35149
1691679320809 0 35199
1691679320906 0 35249
1691679321003 0 35299
1691679321100 0 35349
1691679321197 0 35399
1691679321293 0 35449
1691679321390 0 35499
1691679321486 0 35549
1691679321583 0 35599
1691679321679 0 35649
1691679321775 0 35699
1691679321872 0 35749
1691679321968 0 35799
1691679322065 0 35849
1691679322162 0 35899
1691679322258 0 35949
1691679322355 0 35999
1691679322452 0 36049
1691679322549 0 36099
1691679322649 0 36149
1691679322745 0 36199
1691679322842 0 36249
1691679322939 0 36299
1691679323036 0 36349
1691679323133 0 36399
1691679323230 0 36449
1691679323327 0 36499
1691679323424 0 36549
1691679323521 0 36599
1691679323617 0 36649
1691679323713 0 36699
1691679323810 0 36749
1691679323906 0 36799
1691679324002 0 36849
1691679324099 0 36899
1691679324197 0 36949
1691679324294 0 36999
1691679324391 0 37049
1691679324487 0 37099
1691679324583 0 37149
1691679324679 0 37199
1691679324775 0 37249
1691679324874 0 37299
1691679324971 0 37349
1691679325068 0 37399
1691679325165 0 37449
1691679325262 0 37499
1691679325359 0 37549
1691679325457 0 37599
1691679325554 0 37649
1691679325651 0 37699
1691679325748 0 37749
1691679325846 0 37799
1691679325943 0 37849
1691679326041 0 37899
1691679326138 0 37949
1691679326235 0 37999
1691679326331 0 38049
1691679326429 0 38099
1691679326525 0 38149
1691679326622 0 38199
1691679326719 0 38249
1691679326815 0 38299
1691679326913 0 38349
1691679327009 0 38399
1691679327107 0 38449
1691679327207 0 38499
1691679327305 0 38549
1691679327402 0 38599
1691679327499 0 38649
1691679327595 0 38699
1691679327713 0 38749
1691679327809 0 38799
1691679327905 0 38849
1691679328001 0 38899
1691679328098 0 38949
1691679328195 0 38999
1691679328291 0 39049
1691679328387 0 39099
1691679328484 0 39149
1691679328580 0 39199
1691679328676 0 39249
1691679328772 0 39299
1691679328870 0 39349
1691679328968 0 39399
1691679329066 0 39449
1691679329164 0 39499
1691679329262 0 39549
1691679329359 0 39599
1691679329455 0 39649
1691679329552 0 39699
1691679329648 0 39749
1691679329744 0 39799
1691679329841 0 39849
1691679329938 0 39899
1691679330035 0 39949
1691679330132 0 39999
1691679330229 0 40049
1691679330325 0 40099
1691679330421 0 40149
1691679330518 0 40199
1691679330615 0 40249
1691679330711 0 40299
1691679330812 0 40349
1691679330907 0 40399
1691679331002 0 40449
1691679331105 0 40499
1691679331202 0 40549
1691679331298 0 40599
1691679331394 0 40649
1691679331489 0 40699
1691679331584 0 40749
1691679331680 0 40799
1691679331775 0 40849
1691679331872 0 40899
1691679331967 0 40949
1691679332063 0 40999
1691679332158 0 41049
1691679332254 0 41099
1691679332350 0 41149
1691679332446 0 41199
1691679332542 0 41249
1691679332637 0 41299
1691679332753 0 41349
1691679332849 0 41399
1691679332944 0 41449
1691679333040 0 41499
1691679333135 0 41549
1691679333228 0 41599
1691679333322 0 41649
1691679333416 0 41699
1691679333509 0 41749
1691679333603 0 41799
1691679333696 0 41849
1691679333789 0 41899
1691679333883 0 41949
1691679333977 0 41999
1691679334071 0 42049
1691679334164 0 42099
1691679334258 0 42149
1691679334352 0 42199
1691679334446 0 42249
1691679334542 0 42299
1691679334639 0 42349
1691679334735 0 42399
1691679334832 0 42449
1691679334927 0 42499
1691679335023 0 42549
1691679335118 0 42599
1691679335214 0 42649
1691679335310 0 42699
1691679335407 0 42749
1691679335503 0 42799
1691679335599 0 42849
1691679335695 0 42899
1691679335792 0 42949
1691679335888 0 42999
1691679335982 0 43049
1691679336079 0 43099
1691679336175 0 43149
1691679336271 0 43199
1691679336367 0 43249
1691679336463 0 43299
1691679336560 0 43349
1691679336656 0 43399
1691679336753 0 43449
1691679336850 0 43499
1691679336946 0 43549
1691679337043 0 43599
1691679337139 0 43649
1691679337236 0 43699
1691679337333 0 43749
1691679337429 0 43799
1691679337526 0 43849
1691679337622 0 43899
1691679337720 0 43949
1691679337820 0 43999
1691679337917 0 44049
1691679338014 0 44099
1691679338111 0 44149
1691679338207 0 44199
1691679338304 0 44249
1691679338401 0 44299
1691679338495 0 44349
1691679338592 0 44399
1691679338688 0 44449
1691679338785 0 44499
1691679338880 0 44549
1691679338975 0 44599
1691679339072 0 44649
1691679339169 0 44699
1691679339265 0 44749
1691679339362 0 44799
1691679339459 0 44849
1691679339555 0 44899
1691679339652 0 44949
1691679339748 0 44999
1691679339845 0 45049
1691679339942 0 45099
1691679340038 0 45149
1691679340135 0 45199
1691679340232 0 45249
1691679340328 0 45299
1691679340425 0 45349
1691679340521 0 45399
1691679340618 0 45449
1691679340714 0 45499
1691679340811 0 45549
1691679340908 0 45599
1691679341004 0 45649
1691679341101 0 45699
1691679341197 0 45749
1691679341294 0 45799
1691679341390 0 45849
1691679341486 0 45899
1691679341583 0 45949
1691679341679 0 45999
1691679341775 0 46049
1691679341873 0 46099
1691679341972 0 46149
1691679342071 0 46199
1691679342170 0 46249
1691679342269 0 46299
1691679342368 0 46349
1691679342466 0 46399
1691679342565 0 46449
1691679342664 0 46499
1691679342763 0 46549
1691679342864 0 46599
1691679342962 0 46649
1691679343061 0 46699
1691679343160 0 46749
1691679343259 0 46799
1691679343358 0 46849
1691679343457 0 46899
1691679343555 0 46949
1691679343654 0 46999
1691679343753 0 47049
1691679343852 0 47099
1691679343951 0 47149
1691679344050 0 47199
1691679344148 0 47249
1691679344248 0 47299
1691679344347 0 47349
1691679344445 0 47399
1691679344544 0 47449
1691679344643 0 47499
1691679344742 0 47549
1691679344846 0 47599
1691679344946 0 47649
1691679345042 0 47699
1691679345147 0 47749
1691679345246 0 47799
1691679345343 0 47849
1691679345439 0 47899
1691679345536 0 47949
1691679345632 0 47999
1691679355394 0 47999
1691679355403 0 47999
