1691679253124 0.08246553689241409 49
1691679253224 0.054196443408727646 99
1691679253324 0.04515622556209564 149
1691679253422 0.04553728550672531 199
1691679253520 0.07492831349372864 249
1691679253617 0.05734355002641678 299
1691679253715 0.05446472764015198 349
1691679253812 0.05431784689426422 399
1691679253909 0.10518255084753036 449
1691679254006 0.04576179012656212 499
1691679254103 0.050453487783670425 549
1691679254201 0.04777903854846954 599
1691679254298 0.04567066580057144 649
1691679254396 0.06655211746692657 699
1691679254493 0.06944230943918228 749
1691679254590 0.0523272342979908 799
1691679254688 0.04571259021759033 849
1691679254786 0.06352125108242035 899
1691679254884 0.058963317424058914 949
1691679254982 0.03489850088953972 999
1691679255077 0.06294742971658707 1049
1691679255171 0.061332087963819504 1099
1691679255267 0.06074570491909981 1149
1691679255363 0.05135118588805199 1199
1691679255460 0.0590091310441494 1249
1691679255556 0.05513864383101463 1299
1691679255651 0.046156205236911774 1349
1691679255748 0.04815511032938957 1399
1691679255844 0.05460547283291817 1449
1691679255940 0.08317006379365921 1499
1691679256035 0.047534435987472534 1549
1691679256131 0.053566113114356995 1599
1691679256226 0.046042248606681824 1649
1691679256323 0.03468979150056839 1699
1691679256419 0.053504347801208496 1749
1691679256515 0.08715623617172241 1799
1691679256611 0.05673240125179291 1849
1691679256705 0.05690978839993477 1899
1691679256798 0.059243831783533096 1949
1691679256891 0.054912544786930084 1999
1691679256984 0.05304894596338272 2049
1691679257077 0.029419047757983208 2099
1691679257173 0.05611914023756981 2149
1691679257265 0.03044505976140499 2199
1691679257358 0.04765668511390686 2249
1691679257453 0.07586453855037689 2299
1691679257550 0.05194413661956787 2349
1691679257648 0.0514693483710289 2399
1691679257754 0.02079646848142147 2449
1691679257852 0.0807223990559578 2499
1691679257949 0.05807136744260788 2549
1691679258046 0.03438989818096161 2599
1691679258143 0.06950253993272781 2649
1691679258239 0.03912745788693428 2699
1691679258340 0.065021812915802 2749
1691679258439 0.04582729935646057 2799
1691679258537 0.04068462550640106 2849
1691679258634 0.048301100730895996 2899
1691679258731 0.050104252994060516 2949
1691679258828 0.10685985535383224 2999
1691679258924 0.03709586337208748 3049
1691679259031 0.06494030356407166 3099
1691679259130 0.07174583524465561 3149
1691679259228 0.0511275976896286 3199
1691679259326 0.041238248348236084 3249
1691679259422 0.051230136305093765 3299
1691679259519 0.03763764351606369 3349
1691679259616 0.05473576486110687 3399
1691679259712 0.047879986464977264 3449
1691679259809 0.029568033292889595 3499
1691679259908 0.054849956184625626 3549
1691679260007 0.059695370495319366 3599
1691679260106 0.036338429898023605 3649
1691679260202 0.05018783360719681 3699
1691679260299 0.03450563922524452 3749
1691679260395 0.07332996279001236 3799
1691679260492 0.0429888479411602 3849
1691679260588 0.04681281000375748 3899
1691679260685 0.05939104035496712 3949
1691679260782 0.03224804252386093 3999
1691679260879 0.04324326291680336 4049
1691679260974 0.04733068123459816 4099
1691679261068 0.011433007195591927 4149
1691679261162 0.05568314343690872 4199
1691679261256 0.07596547901630402 4249
1691679261349 0.06586454063653946 4299
1691679261443 0.04518678039312363 4349
1691679261537 0.056054893881082535 4399
1691679261631 0.05488181859254837 4449
1691679261724 0.08124297112226486 4499
1691679261818 0.01894579827785492 4549
1691679261914 0.05388469994068146 4599
1691679262011 0.04411434382200241 4649
1691679262107 0.062117401510477066 4699
1691679262208 0.031862687319517136 4749
1691679262304 0.07657654583454132 4799
1691679262398 0.038841936737298965 4849
1691679262492 0.011803992092609406 4899
1691679262588 0.08740245550870895 4949
1691679262683 0.04586576670408249 4999
1691679262778 0.04341715946793556 5049
1691679262873 0.040411464869976044 5099
1691679262970 0.04683301970362663 5149
1691679263067 0.04953131824731827 5199
1691679263164 0.043903037905693054 5249
1691679263260 0.060569215565919876 5299
1691679263356 0.0403139628469944 5349
1691679263452 0.05616042762994766 5399
1691679263548 0.032803867012262344 5449
1691679263644 0.03172155097126961 5499
1691679263740 0.03140184283256531 5549
1691679263837 0.052756715565919876 5599
1691679263933 0.042075809091329575 5649
1691679264029 0.028668144717812538 5699
1691679264126 0.06731915473937988 5749
1691679264222 0.035112570971250534 5799
1691679264319 0.0317428782582283 5849
1691679264415 0.07135235518217087 5899
1691679264511 0.09284204989671707 5949
1691679264608 0.02314407005906105 5999
1691679264705 0.04451734945178032 6049
1691679264801 0.05120374634861946 6099
1691679264899 0.04780891537666321 6149
1691679264996 0.06908529251813889 6199
1691679265092 0.04084088280797005 6249
1691679265189 0.04882638156414032 6299
1691679265286 0.010995094664394855 6349
1691679265413 0.04077458381652832 6399
1691679265508 0.03478115797042847 6449
1691679265602 0.056585893034935 6499
1691679265696 0.048568326979875565 6549
1691679265791 0.047169558703899384 6599
1691679265887 0.05880368500947952 6649
1691679265983 0.0642014890909195 6699
1691679266078 0.06796663999557495 6749
1691679266173 0.07995228469371796 6799
1691679266269 0.05054328218102455 6849
1691679266364 0.15286950767040253 6899
1691679266459 0.035842519253492355 6949
1691679266568 0.017684636637568474 6999
1691679266664 0.03412662819027901 7049
1691679266758 0.04083684831857681 7099
1691679266858 0.035376839339733124 7149
1691679266954 0.050663139671087265 7199
1691679267051 0.05772557854652405 7249
1691679267145 0.0803472250699997 7299
1691679267261 0.04103687405586243 7349
1691679267356 0.09177575260400772 7399
1691679267451 0.04146970063447952 7449
1691679267545 0.049126818776130676 7499
1691679267640 0.07381586730480194 7549
1691679267734 0.05597250536084175 7599
1691679267829 0.06241637095808983 7649
1691679267924 0.011748982593417168 7699
1691679268020 0.01390865258872509 7749
1691679268115 0.05580444261431694 7799
1691679268209 0.038699790835380554 7849
1691679268304 0.014410091564059258 7899
1691679268399 0.025230972096323967 7949
1691679268494 0.02440611645579338 7999
1691679268589 0.058479852974414825 8049
1691679268684 0.05009952932596207 8099
1691679268778 0.030379075556993484 8149
1691679268875 0.04324735701084137 8199
1691679268971 0.03134528920054436 8249
1691679269066 0.041308045387268066 8299
1691679269161 0.04207105562090874 8349
1691679269256 0.06739669293165207 8399
1691679269350 0.029978254809975624 8449
1691679269445 0.014551125466823578 8499
1691679269540 0.04440196603536606 8549
1691679269635 0.04969492554664612 8599
1691679269730 0.06756728887557983 8649
1691679269825 0.06751271337270737 8699
1691679269921 0.013926067389547825 8749
1691679270018 0.07232541590929031 8799
1691679270112 0.028949212282896042 8849
1691679270207 0.05048965662717819 8899
1691679270302 0.03482065349817276 8949
1691679270398 0.06294339150190353 8999
1691679270493 0.05431358888745308 9049
1691679270588 0.047734618186950684 9099
1691679270684 0.040654487907886505 9149
1691679270779 0.030327463522553444 9199
1691679270875 0.05126626044511795 9249
1691679270971 0.039792295545339584 9299
1691679271067 0.026854339987039566 9349
1691679271161 0.07536135613918304 9399
1691679271256 0.019763890653848648 9449
1691679271350 0.04313177987933159 9499
1691679271445 0.05731207877397537 9549
1691679271540 0.031147697940468788 9599
1691679271635 0.07688864320516586 9649
1691679271729 0.03979269787669182 9699
1691679271825 0.051632434129714966 9749
1691679271920 0.07097446173429489 9799
1691679272016 0.03978421166539192 9849
1691679272110 0.0696614682674408 9899
1691679272205 0.08883349597454071 9949
1691679272321 0.04324411600828171 9999
1691679272416 0.040584295988082886 10049
1691679272511 0.05828247219324112 10099
1691679272606 0.041834812611341476 10149
1691679272701 0.05114824324846268 10199
1691679272796 0.023207858204841614 10249
1691679272890 0.04010635241866112 10299
1691679272986 0.035891760140657425 10349
1691679273082 0.04912227392196655 10399
1691679273178 0.06546295434236526 10449
1691679273275 0.06189083307981491 10499
1691679273370 0.06640061736106873 10549
1691679273466 0.03833399713039398 10599
1691679273562 0.09235326200723648 10649
1691679273658 0.04100213199853897 10699
1691679273754 0.048799823969602585 10749
1691679273850 0.07194121181964874 10799
1691679273946 0.058884453028440475 10849
1691679274042 0.07959656417369843 10899
1691679274138 0.03398676589131355 10949
1691679274234 0.05203285068273544 10999
1691679274330 0.045579783618450165 11049
1691679274426 0.03367200493812561 11099
1691679274522 0.053752556443214417 11149
1691679274619 0.040123436599969864 11199
1691679274714 0.040734514594078064 11249
1691679274811 0.03865710645914078 11299
1691679274908 0.051917776465415955 11349
1691679275005 0.0146690234541893 11399
1691679275101 0.04343533515930176 11449
1691679275197 0.047084543853998184 11499
1691679275293 0.043272726237773895 11549
1691679275389 0.030700692906975746 11599
1691679275486 0.0759824812412262 11649
1691679275582 0.04714702069759369 11699
1691679275678 0.012567967176437378 11749
1691679275774 0.03654671460390091 11799
1691679275870 0.040965188294649124 11849
1691679275967 0.04013153538107872 11899
1691679276063 0.02829056605696678 11949
1691679276159 0.05999033525586128 11999
1691679276255 0.07090611010789871 12049
1691679276351 0.026537420228123665 12099
1691679276447 0.007808399386703968 12149
1691679276543 0.040567152202129364 12199
1691679276638 0.06526368856430054 12249
1691679276735 0.048944879323244095 12299
1691679276831 0.04345853254199028 12349
1691679276928 0.036022089421749115 12399
1691679277024 0.06535825878381729 12449
1691679277121 0.046276792883872986 12499
1691679277217 0.05799306929111481 12549
1691679277317 0.0475027970969677 12599
1691679277414 0.04817090183496475 12649
1691679277510 0.0464477613568306 12699
1691679277607 0.05243900790810585 12749
1691679277703 0.05612961947917938 12799
1691679277799 0.06971511244773865 12849
1691679277896 0.051590222865343094 12899
1691679277992 0.048335131257772446 12949
1691679278089 0.057558853179216385 12999
1691679278185 0.036471810191869736 13049
1691679278282 0.046218570321798325 13099
1691679278378 0.06110670417547226 13149
1691679278475 0.0480865016579628 13199
1691679278571 0.0604064017534256 13249
1691679278667 0.04593275487422943 13299
1691679278763 0.0500887930393219 13349
1691679278860 0.02888721041381359 13399
1691679278956 0.052896276116371155 13449
1691679279053 0.043399959802627563 13499
1691679279149 0.03280672803521156 13549
1691679279245 0.055420730262994766 13599
1691679279341 0.048814188688993454 13649
1691679279438 0.048446934670209885 13699
1691679279534 0.029552357271313667 13749
1691679279630 0.024198055267333984 13799
1691679279726 0.09495057910680771 13849
1691679279823 0.027223488315939903 13899
1691679279919 0.04894749075174332 13949
1691679280015 0.040052350610494614 13999
1691679280111 0.0741586983203888 14049
1691679280207 0.07480940967798233 14099
1691679280304 0.033885497599840164 14149
1691679280400 0.01195934321731329 14199
1691679280496 0.042102325707674026 14249
1691679280590 0.06584670394659042 14299
1691679280685 0.040200021117925644 14349
1691679280781 0.050256941467523575 14399
1691679280878 0.05412186309695244 14449
1691679280975 0.032195448875427246 14499
1691679281071 0.028379011899232864 14549
1691679281168 0.054973307996988297 14599
1691679281264 0.029540129005908966 14649
1691679281361 0.028109559789299965 14699
1691679281457 0.03199193999171257 14749
1691679281554 0.08162850141525269 14799
1691679281650 0.07279470562934875 14849
1691679281746 0.04946168139576912 14899
1691679281843 0.03349994868040085 14949
1691679281939 0.04834366589784622 14999
1691679282035 0.04172053933143616 15049
1691679282132 0.0604923740029335 15099
1691679282229 0.04093599319458008 15149
1691679282328 0.06456009298563004 15199
1691679282425 0.021322593092918396 15249
1691679282521 0.04890359565615654 15299
1691679282617 0.06566543877124786 15349
1691679282714 0.05662895739078522 15399
1691679282810 0.0854988694190979 15449
1691679282907 0.03895815834403038 15499
1691679283003 0.03809306398034096 15549
1691679283099 0.056977953761816025 15599
1691679283196 0.05867656320333481 15649
1691679283292 0.05414244532585144 15699
1691679283388 0.04753924161195755 15749
1691679283484 0.012259145267307758 15799
1691679283581 0.05204242467880249 15849
1691679283677 0.029160194098949432 15899
1691679283773 0.056054435670375824 15949
1691679283869 0.019869273528456688 15999
1691679283965 0.012413525022566319 16049
1691679284062 0.0661042183637619 16099
1691679284161 0.03838654235005379 16149
1691679284256 0.02287772111594677 16199
1691679284350 0.04921700432896614 16249
1691679284448 0.039394065737724304 16299
1691679284546 0.07568419724702835 16349
1691679284643 0.11234259605407715 16399
1691679284739 0.04801562801003456 16449
1691679284837 0.015988126397132874 16499
1691679284934 0.056046921759843826 16549
1691679285031 0.03180912137031555 16599
1691679285128 0.03317801281809807 16649
1691679285225 0.034027133136987686 16699
1691679285321 0.02735421620309353 16749
1691679285418 0.012026394717395306 16799
1691679285515 0.04458923637866974 16849
1691679285612 0.07066408544778824 16899
1691679285708 0.05337560176849365 16949
1691679285805 0.06020849570631981 16999
1691679285902 0.03408653661608696 17049
1691679285999 0.05922549590468407 17099
1691679286096 0.03914512321352959 17149
1691679286192 0.036501966416835785 17199
1691679286288 0.022415783256292343 17249
1691679286384 0.04183700680732727 17299
1691679286480 0.04080602154135704 17349
1691679286576 0.036799363791942596 17399
1691679286672 0.03134317696094513 17449
1691679286769 0.04121009632945061 17499
1691679286864 0.06930702179670334 17549
1691679286961 0.035043176263570786 17599
1691679287057 0.062464747577905655 17649
1691679287154 0.05569535866379738 17699
1691679287250 0.01752862147986889 17749
1691679287367 0.03315591812133789 17799
1691679287463 0.021780192852020264 17849
1691679287560 0.06954674422740936 17899
1691679287656 0.06781370937824249 17949
1691679287752 0.06700751185417175 17999
1691679287849 0.05367492884397507 18049
1691679287945 0.08518524467945099 18099
1691679288041 0.04500501975417137 18149
1691679288137 0.016771866008639336 18199
1691679288233 0.06032026559114456 18249
1691679288329 0.0696239098906517 18299
1691679288425 0.055946797132492065 18349
1691679288522 0.05817941576242447 18399
1691679288619 0.0465199314057827 18449
1691679288715 0.029796307906508446 18499
1691679288812 0.047604408115148544 18549
1691679288909 0.07131272554397583 18599
1691679289006 0.054989054799079895 18649
1691679289103 0.030634189024567604 18699
1691679289199 0.01054387167096138 18749
1691679289296 0.04704923927783966 18799
1691679289392 0.026124510914087296 18849
1691679289489 0.04825109243392944 18899
1691679289586 0.019402792677283287 18949
1691679289682 0.02280210703611374 18999
1691679289778 0.034024033695459366 19049
1691679289876 0.053102828562259674 19099
1691679289972 0.07090900838375092 19149
1691679290069 0.056267816573381424 19199
1691679290165 0.07822800427675247 19249
1691679290262 0.03050788678228855 19299
1691679290358 0.04452572390437126 19349
1691679290454 0.06627781689167023 19399
1691679290550 0.018824581056833267 19449
1691679290646 0.03805217891931534 19499
1691679290742 0.0703963115811348 19549
1691679290839 0.049698200076818466 19599
1691679290936 0.06837016344070435 19649
1691679291032 0.051897380501031876 19699
1691679291129 0.048020701855421066 19749
1691679291225 0.06034066528081894 19799
1691679291321 0.06443391740322113 19849
1691679291418 0.032127656042575836 19899
1691679291515 0.06413204967975616 19949
1691679291611 0.036273978650569916 19999
1691679291707 0.048802945762872696 20049
1691679291803 0.05417606607079506 20099
1691679291900 0.05794566497206688 20149
1691679291996 0.041897907853126526 20199
1691679292093 0.04242167994379997 20249
1691679292189 0.08724399656057358 20299
1691679292285 0.0374627523124218 20349
1691679292403 0.06428706645965576 20399
1691679292499 0.023848868906497955 20449
1691679292595 0.04666859656572342 20499
1691679292691 0.03368040919303894 20549
1691679292789 0.06446003168821335 20599
1691679292885 0.09131604433059692 20649
1691679292981 0.028414828702807426 20699
1691679293077 0.01983226276934147 20749
1691679293174 0.07309450954198837 20799
1691679293269 0.08542387932538986 20849
1691679293366 0.029776951298117638 20899
1691679293462 0.030477110296487808 20949
1691679293558 0.06408838927745819 20999
1691679293653 0.04287509620189667 21049
1691679293749 0.040392447263002396 21099
1691679293845 0.04424400255084038 21149
1691679293942 0.03813880681991577 21199
1691679294038 0.012255458161234856 21249
1691679294134 0.029648205265402794 21299
1691679294230 0.0539197213947773 21349
1691679294326 0.08832627534866333 21399
1691679294422 0.036952365189790726 21449
1691679294518 0.03973716124892235 21499
1691679294615 0.03528952971100807 21549
1691679294711 0.0365532711148262 21599
1691679294807 0.04091630503535271 21649
1691679294906 0.04246583580970764 21699
1691679295004 0.04631806164979935 21749
1691679295101 0.05426909774541855 21799
1691679295198 0.05455707013607025 21849
1691679295294 0.041587382555007935 21899
1691679295391 0.06590881943702698 21949
1691679295487 0.053050681948661804 21999
1691679295583 0.05006619915366173 22049
1691679295680 0.0416768379509449 22099
1691679295777 0.05033280700445175 22149
1691679295873 0.07011980563402176 22199
1691679295969 0.08143442124128342 22249
1691679296066 0.027487462386488914 22299
1691679296162 0.04706647992134094 22349
1691679296257 0.0601075105369091 22399
1691679296352 0.04464108869433403 22449
1691679296448 0.0488445982336998 22499
1691679296544 0.023066990077495575 22549
1691679296640 0.038972772657871246 22599
1691679296735 0.032874081283807755 22649
1691679296831 0.047973524779081345 22699
1691679296927 0.03914199024438858 22749
1691679297023 0.05627505108714104 22799
1691679297119 0.0743502825498581 22849
1691679297215 0.03640417382121086 22899
1691679297308 0.030498122796416283 22949
1691679297405 0.045958857983350754 22999
1691679297499 0.0338512659072876 23049
1691679297592 0.04065883904695511 23099
1691679297686 0.017021529376506805 23149
1691679297780 0.0674123466014862 23199
1691679297873 0.04747733101248741 23249
1691679297967 0.09181392192840576 23299
1691679298061 0.03250044956803322 23349
1691679298155 0.042970772832632065 23399
1691679298248 0.07774469256401062 23449
1691679298342 0.010257106274366379 23499
1691679298435 0.07985931634902954 23549
1691679298529 0.043546900153160095 23599
1691679298623 0.041252411901950836 23649
1691679298717 0.04474010318517685 23699
1691679298811 0.03555656969547272 23749
1691679298905 0.043221112340688705 23799
1691679298999 0.05637330189347267 23849
1691679299093 0.04249290004372597 23899
1691679299188 0.04414459690451622 23949
1691679299283 0.04510954022407532 23999
1691679299378 0.04752860590815544 24049
1691679299472 0.028164660558104515 24099
1691679299566 0.04372662305831909 24149
1691679299660 0.026050634682178497 24199
1691679299754 0.02027871273458004 24249
1691679299850 0.02941758744418621 24299
1691679299944 0.025817809626460075 24349
1691679300037 0.05577888712286949 24399
1691679300131 0.07167556881904602 24449
1691679300225 0.04915649816393852 24499
1691679300318 0.0464194156229496 24549
1691679300411 0.04433341324329376 24599
1691679300505 0.010746663436293602 24649
1691679300598 0.046960532665252686 24699
1691679300692 0.0783676728606224 24749
1691679300786 0.046508654952049255 24799
1691679300889 0.03239979222416878 24849
1691679300984 0.04505472257733345 24899
1691679301079 0.07827842980623245 24949
1691679301178 0.06678920984268188 24999
1691679301273 0.07060585170984268 25049
1691679301369 0.048160191625356674 25099
1691679301464 0.032452262938022614 25149
1691679301560 0.016118813306093216 25199
1691679301657 0.016076641157269478 25249
1691679301752 0.07432378083467484 25299
1691679301848 0.04269741103053093 25349
1691679301944 0.01611958257853985 25399
1691679302040 0.04861988127231598 25449
1691679302135 0.03368500992655754 25499
1691679302231 0.03977685421705246 25549
1691679302327 0.038880426436662674 25599
1691679302443 0.009533136151731014 25649
1691679302541 0.04371047019958496 25699
1691679302637 0.04603200778365135 25749
1691679302735 0.043710507452487946 25799
1691679302832 0.016890056431293488 25849
1691679302929 0.05979975312948227 25899
1691679303026 0.05906699597835541 25949
1691679303123 0.024911895394325256 25999
1691679303219 0.04713273420929909 26049
1691679303316 0.05534909665584564 26099
1691679303414 0.05186176300048828 26149
1691679303510 0.032740313559770584 26199
1691679303607 0.11564620584249496 26249
1691679303705 0.021381869912147522 26299
1691679303802 0.03245585784316063 26349
1691679303899 0.05001978948712349 26399
1691679303996 0.02681661583483219 26449
1691679304093 0.043720632791519165 26499
1691679304190 0.0364699549973011 26549
1691679304287 0.028197364881634712 26599
1691679304384 0.026745108887553215 26649
1691679304482 0.022316696122288704 26699
1691679304579 0.042111556977033615 26749
1691679304676 0.03667687252163887 26799
1691679304773 0.039888571947813034 26849
1691679304871 0.05782990902662277 26899
1691679304968 0.038971178233623505 26949
1691679305065 0.05018984526395798 26999
1691679305162 0.041054654866456985 27049
1691679305259 0.049170609563589096 27099
1691679305356 0.09624463319778442 27149
1691679305453 0.03086615912616253 27199
1691679305550 0.030823184177279472 27249
1691679305647 0.03878248855471611 27299
1691679305744 0.02689293958246708 27349
1691679305841 0.026302030310034752 27399
1691679305939 0.05838935077190399 27449
1691679306036 0.06029544025659561 27499
1691679306133 0.03138640522956848 27549
1691679306231 0.06784088909626007 27599
1691679306328 0.03906836733222008 27649
1691679306425 0.03672971948981285 27699
1691679306522 0.07818916440010071 27749
1691679306619 0.013903669081628323 27799
1691679306716 0.05977512151002884 27849
1691679306813 0.057106222957372665 27899
1691679306910 0.049514126032590866 27949
1691679307007 0.06810455024242401 27999
1691679307105 0.037342753261327744 28049
1691679307203 0.014171045273542404 28099
1691679307301 0.044434554874897 28149
1691679307398 0.06643004715442657 28199
1691679307498 0.03474154323339462 28249
1691679307596 0.030394509434700012 28299
1691679307693 0.06240535154938698 28349
1691679307790 0.04470187798142433 28399
1691679307889 0.07334409654140472 28449
1691679307986 0.04632026329636574 28499
1691679308083 0.03061983920633793 28549
1691679308180 0.0689835175871849 28599
1691679308277 0.011836263351142406 28649
1691679308374 0.038543183356523514 28699
1691679308471 0.05004197731614113 28749
1691679308567 0.031588368117809296 28799
1691679308665 0.04548906534910202 28849
1691679308761 0.047494225203990936 28899
1691679308859 0.025473380461335182 28949
1691679308955 0.036773718893527985 28999
1691679309052 0.045826029032468796 29049
1691679309148 0.07161600142717361 29099
1691679309244 0.048598483204841614 29149
1691679309340 0.06425066292285919 29199
1691679309436 0.06002283841371536 29249
1691679309531 0.06158354505896568 29299
1691679309625 0.04147990420460701 29349
1691679309718 0.02703186310827732 29399
1691679309812 0.03929387778043747 29449
1691679309909 0.029887447133660316 29499
1691679310003 0.04053381830453873 29549
1691679310097 0.03307843208312988 29599
1691679310191 0.01248401403427124 29649
1691679310286 0.033246960490942 29699
1691679310379 0.0396474152803421 29749
1691679310473 0.04576675221323967 29799
1691679310567 0.0404631532728672 29849
1691679310661 0.016886146739125252 29899
1691679310755 0.05759928375482559 29949
1691679310849 0.033009305596351624 29999
1691679310942 0.031280696392059326 30049
1691679311036 0.011500664055347443 30099
1691679311130 0.049909040331840515 30149
1691679311224 0.04272739961743355 30199
1691679311319 0.02641543559730053 30249
1691679311413 0.045431949198246 30299
1691679311508 0.045180901885032654 30349
1691679311602 0.025749171152710915 30399
1691679311699 0.05942017585039139 30449
1691679311794 0.03740166872739792 30499
1691679311890 0.011767532676458359 30549
1691679311986 0.0490536093711853 30599
1691679312081 0.030159687623381615 30649
1691679312177 0.012877222150564194 30699
1691679312275 0.049531400203704834 30749
1691679312373 0.06644199043512344 30799
1691679312472 0.009170972742140293 30849
1691679312573 0.033058930188417435 30899
1691679312671 0.027664298191666603 30949
1691679312770 0.030529573559761047 30999
1691679312868 0.03765729442238808 31049
1691679312966 0.045939549803733826 31099
1691679313065 0.06663914769887924 31149
1691679313161 0.010795651003718376 31199
1691679313256 0.04005919024348259 31249
1691679313350 0.05002308636903763 31299
1691679313444 0.040292780846357346 31349
1691679313537 0.06855710595846176 31399
1691679313631 0.026896702125668526 31449
1691679313727 0.0724344402551651 31499
1691679313823 0.04113567993044853 31549
1691679313919 0.051474761217832565 31599
1691679314014 0.014689465053379536 31649
1691679314110 0.035611800849437714 31699
1691679314207 0.015583877451717854 31749
1691679314304 0.03208589553833008 31799
1691679314400 0.023849964141845703 31849
1691679314497 0.0575595386326313 31899
1691679314595 0.04114394262433052 31949
1691679314691 0.038606561720371246 31999
1691679314785 0.0296629685908556 32049
1691679314880 0.04592692852020264 32099
1691679314973 0.04572939872741699 32149
1691679315068 0.03738043084740639 32199
1691679315161 0.052066586911678314 32249
1691679315255 0.015093009918928146 32299
1691679315349 0.04696707800030708 32349
1691679315443 0.08672593533992767 32399
1691679315537 0.05862679332494736 32449
1691679315631 0.08182164281606674 32499
1691679315725 0.04669306054711342 32549
1691679315821 0.038477346301078796 32599
1691679315916 0.06548775732517242 32649
1691679316011 0.06470937281847 32699
1691679316105 0.03813157603144646 32749
1691679316205 0.038164954632520676 32799
1691679316300 0.05728296563029289 32849
1691679316393 0.01634007878601551 32899
1691679316488 0.037884969264268875 32949
1691679316581 0.07779154181480408 32999
1691679316676 0.03939322009682655 33049
1691679316770 0.06672517210245132 33099
1691679316864 0.014385327696800232 33149
1691679316958 0.04021806642413139 33199
1691679317052 0.05813989043235779 33249
1691679317146 0.015877822414040565 33299
1691679317241 0.014995786361396313 33349
1691679317335 0.06857267767190933 33399
1691679317429 0.013749120756983757 33449
1691679317523 0.025890842080116272 33499
1691679317620 0.02749304287135601 33549
1691679317714 0.011798659339547157 33599
1691679317809 0.06312443315982819 33649
1691679317906 0.03512237221002579 33699
1691679318002 0.053614284843206406 33749
1691679318099 0.03431735187768936 33799
1691679318195 0.03705282136797905 33849
1691679318292 0.006851457059383392 33899
1691679318389 0.0625188797712326 33949
1691679318485 0.03294842317700386 33999
1691679318582 0.055834632366895676 34049
1691679318679 0.053886063396930695 34099
1691679318775 0.038161925971508026 34149
1691679318872 0.0322512611746788 34199
1691679318968 0.055487487465143204 34249
1691679319065 0.03969302028417587 34299
1691679319162 0.03635219484567642 34349
1691679319258 0.051067035645246506 34399
1691679319355 0.014663112349808216 34449
1691679319451 0.03162480145692825 34499
1691679319549 0.039848968386650085 34549
1691679319645 0.046567633748054504 34599
1691679319743 0.051435600966215134 34649
1691679319841 0.037020839750766754 34699
1691679319937 0.07304525375366211 34749
1691679320035 0.04728398099541664 34799
1691679320132 0.012505871243774891 34849
1691679320229 0.04910305514931679 34899
1691679320326 0.07035823911428452 34949
1691679320423 0.06861404329538345 34999
1691679320519 0.033369891345500946 35049
1691679320616 0.041670624166727066 35099
1691679320712 0.044225096702575684 35149
1691679320809 0.0417887382209301 35199
1691679320906 0.04540402442216873 35249
1691679321003 0.05173201486468315 35299
1691679321100 0.03964516893029213 35349
1691679321197 0.047934211790561676 35399
1691679321293 0.02290956862270832 35449
1691679321390 0.03475075960159302 35499
1691679321486 0.03533663600683212 35549
1691679321583 0.03316345810890198 35599
1691679321679 0.04323066771030426 35649
1691679321775 0.008263732306659222 35699
1691679321872 0.04298250377178192 35749
1691679321968 0.035247866064310074 35799
1691679322065 0.04026208445429802 35849
1691679322162 0.03771048039197922 35899
1691679322258 0.03957268223166466 35949
1691679322355 0.029963623732328415 35999
1691679322452 0.0575435571372509 36049
1691679322549 0.044032223522663116 36099
1691679322649 0.03428222984075546 36149
1691679322745 0.0585101917386055 36199
1691679322842 0.03839755430817604 36249
1691679322939 0.05692954361438751 36299
1691679323036 0.043017804622650146 36349
1691679323133 0.049563486129045486 36399
1691679323230 0.050919387489557266 36449
1691679323327 0.06435907632112503 36499
1691679323424 0.03282076120376587 36549
1691679323521 0.0481317900121212 36599
1691679323617 0.0363239087164402 36649
1691679323713 0.045533034950494766 36699
1691679323810 0.06231912970542908 36749
1691679323906 0.03793049231171608 36799
1691679324002 0.0548313669860363 36849
1691679324099 0.03581475093960762 36899
1691679324197 0.03690961375832558 36949
1691679324294 0.02957519143819809 36999
1691679324391 0.04183369129896164 37049
1691679324487 0.04595153033733368 37099
1691679324583 0.012100032530725002 37149
1691679324679 0.05622173100709915 37199
1691679324775 0.03566449135541916 37249
1691679324874 0.05510067939758301 37299
1691679324971 0.030368342995643616 37349
1691679325068 0.018073586747050285 37399
1691679325165 0.012793920002877712 37449
1691679325262 0.035719919949769974 37499
1691679325359 0.05525808408856392 37549
1691679325457 0.034733571112155914 37599
1691679325554 0.037386439740657806 37649
1691679325651 0.04832576960325241 37699
1691679325748 0.03755752742290497 37749
1691679325846 0.045376766473054886 37799
1691679325943 0.02769176848232746 37849
1691679326041 0.03418009728193283 37899
1691679326138 0.03628365695476532 37949
1691679326235 0.04396948590874672 37999
1691679326331 0.023930909112095833 38049
1691679326429 0.012666326947510242 38099
1691679326525 0.017084704712033272 38149
1691679326622 0.05110804736614227 38199
1691679326719 0.029217064380645752 38249
1691679326815 0.0384037084877491 38299
1691679326913 0.061987027525901794 38349
1691679327009 0.050307758152484894 38399
1691679327107 0.04270865395665169 38449
1691679327207 0.02447548694908619 38499
1691679327305 0.009565102867782116 38549
1691679327402 0.03913223743438721 38599
1691679327499 0.0538756400346756 38649
1691679327595 0.03454075753688812 38699
1691679327713 0.03317767754197121 38749
1691679327809 0.006633529905229807 38799
1691679327905 0.055348459631204605 38849
1691679328001 0.062417030334472656 38899
1691679328098 0.04268813505768776 38949
1691679328195 0.04618481174111366 38999
1691679328291 0.06061549857258797 39049
1691679328387 0.03798922151327133 39099
1691679328484 0.06320330500602722 39149
1691679328580 0.03852377459406853 39199
1691679328676 0.06634088605642319 39249
1691679328772 0.036966029554605484 39299
1691679328870 0.07261038571596146 39349
1691679328968 0.03781687468290329 39399
1691679329066 0.03513774648308754 39449
1691679329164 0.044913385063409805 39499
1691679329262 0.03998143598437309 39549
1691679329359 0.04495786502957344 39599
1691679329455 0.0452779158949852 39649
1691679329552 0.044562485069036484 39699
1691679329648 0.041946832090616226 39749
1691679329744 0.039897020906209946 39799
1691679329841 0.03725244849920273 39849
1691679329938 0.04228857532143593 39899
1691679330035 0.08202893286943436 39949
1691679330132 0.07051730155944824 39999
1691679330229 0.034652262926101685 40049
1691679330325 0.062131647020578384 40099
1691679330421 0.028234004974365234 40149
1691679330518 0.042056918144226074 40199
1691679330615 0.02829733118414879 40249
1691679330711 0.01024661399424076 40299
1691679330812 0.06187623739242554 40349
1691679330907 0.03816903382539749 40399
1691679331002 0.03927825018763542 40449
1691679331105 0.05462045967578888 40499
1691679331202 0.03755668178200722 40549
1691679331298 0.03502221778035164 40599
1691679331394 0.02190198190510273 40649
1691679331489 0.09386138617992401 40699
1691679331584 0.03931182995438576 40749
1691679331680 0.045815322548151016 40799
1691679331775 0.03448569402098656 40849
1691679331872 0.05088909715414047 40899
1691679331967 0.04015832766890526 40949
1691679332063 0.017338301986455917 40999
1691679332158 0.03361453115940094 41049
1691679332254 0.057248909026384354 41099
1691679332350 0.0353497713804245 41149
1691679332446 0.02747212164103985 41199
1691679332542 0.07482264190912247 41249
1691679332637 0.033634644001722336 41299
1691679332753 0.08003365993499756 41349
1691679332849 0.03169113025069237 41399
1691679332944 0.00872852187603712 41449
1691679333040 0.02093668095767498 41499
1691679333135 0.060538019984960556 41549
1691679333228 0.06226306036114693 41599
1691679333322 0.043629392981529236 41649
1691679333416 0.014016618020832539 41699
1691679333509 0.02714320458471775 41749
1691679333603 0.04578045383095741 41799
1691679333696 0.0415782630443573 41849
1691679333789 0.017091577872633934 41899
1691679333883 0.04714750498533249 41949
1691679333977 0.04516427218914032 41999
1691679334071 0.018720192834734917 42049
1691679334164 0.017662789672613144 42099
1691679334258 0.0319683812558651 42149
1691679334352 0.050812896341085434 42199
1691679334446 0.03730802237987518 42249
1691679334542 0.03335943818092346 42299
1691679334639 0.016894355416297913 42349
1691679334735 0.057827431708574295 42399
1691679334832 0.052787359803915024 42449
1691679334927 0.030164115130901337 42499
1691679335023 0.06033077463507652 42549
1691679335118 0.06593476980924606 42599
1691679335214 0.03782300651073456 42649
1691679335310 0.04759964719414711 42699
1691679335407 0.04915865883231163 42749
1691679335503 0.05334920063614845 42799
1691679335599 0.0658024251461029 42849
1691679335695 0.03671522065997124 42899
1691679335792 0.05838397145271301 42949
1691679335888 0.06936922669410706 42999
1691679335982 0.03371281549334526 43049
1691679336079 0.0567728616297245 43099
1691679336175 0.044561706483364105 43149
1691679336271 0.05134795606136322 43199
1691679336367 0.06918131560087204 43249
1691679336463 0.01605290174484253 43299
1691679336560 0.0508769266307354 43349
1691679336656 0.039137210696935654 43399
1691679336753 0.039772532880306244 43449
1691679336850 0.06254610419273376 43499
1691679336946 0.009504196234047413 43549
1691679337043 0.03501361235976219 43599
1691679337139 0.055208999663591385 43649
1691679337236 0.03746575117111206 43699
1691679337333 0.03569691628217697 43749
1691679337429 0.007706917356699705 43799
1691679337526 0.03789779171347618 43849
1691679337622 0.07678340375423431 43899
1691679337720 0.04049022123217583 43949
1691679337820 0.05065358430147171 43999
1691679337917 0.015487332828342915 44049
1691679338014 0.03056294098496437 44099
1691679338111 0.027852626517415047 44149
1691679338207 0.005937534850090742 44199
1691679338304 0.04181329905986786 44249
1691679338401 0.06499049812555313 44299
1691679338495 0.05639234557747841 44349
1691679338592 0.02723431959748268 44399
1691679338688 0.043598681688308716 44449
1691679338785 0.03772713989019394 44499
1691679338880 0.036956362426280975 44549
1691679338975 0.025594204664230347 44599
1691679339072 0.05006873235106468 44649
1691679339169 0.043983250856399536 44699
1691679339265 0.02795877866446972 44749
1691679339362 0.07735344022512436 44799
1691679339459 0.03805425018072128 44849
1691679339555 0.04743919521570206 44899
1691679339652 0.06054568663239479 44949
1691679339748 0.04267611727118492 44999
1691679339845 0.05324213579297066 45049
1691679339942 0.01360933855175972 45099
1691679340038 0.04062557965517044 45149
1691679340135 0.05678749829530716 45199
1691679340232 0.03947531059384346 45249
1691679340328 0.04389035701751709 45299
1691679340425 0.019678516313433647 45349
1691679340521 0.07234121859073639 45399
1691679340618 0.034329984337091446 45449
1691679340714 0.031132446601986885 45499
1691679340811 0.03309674188494682 45549
1691679340908 0.058030810207128525 45599
1691679341004 0.053275350481271744 45649
1691679341101 0.034734949469566345 45699
1691679341197 0.041599322110414505 45749
1691679341294 0.04000639170408249 45799
1691679341390 0.03004092536866665 45849
1691679341486 0.03379024937748909 45899
1691679341583 0.015407240018248558 45949
1691679341679 0.07003916054964066 45999
1691679341775 0.009116378612816334 46049
1691679341873 0.07740813493728638 46099
1691679341972 0.05283277854323387 46149
1691679342071 0.03524840623140335 46199
1691679342170 0.021400097757577896 46249
1691679342269 0.05665581300854683 46299
1691679342368 0.029838338494300842 46349
1691679342466 0.028377119451761246 46399
1691679342565 0.04933712258934975 46449
1691679342664 0.05595589429140091 46499
1691679342763 0.05965983122587204 46549
1691679342864 0.09306224435567856 46599
1691679342962 0.03422747179865837 46649
1691679343061 0.03442049026489258 46699
1691679343160 0.03925858810544014 46749
1691679343259 0.04989240691065788 46799
1691679343358 0.025034883990883827 46849
1691679343457 0.024817271158099174 46899
1691679343555 0.0786576122045517 46949
1691679343654 0.04962834343314171 46999
1691679343753 0.03513384610414505 47049
1691679343852 0.0362108051776886 47099
1691679343951 0.05289418250322342 47149
1691679344050 0.010684599168598652 47199
1691679344148 0.04357883706688881 47249
1691679344248 0.039998866617679596 47299
1691679344347 0.0413842536509037 47349
1691679344445 0.03980913385748863 47399
1691679344544 0.0367848202586174 47449
1691679344643 0.04908625781536102 47499
1691679344742 0.03200044482946396 47549
1691679344846 0.0881510078907013 47599
1691679344946 0.039008546620607376 47649
1691679345042 0.03296142444014549 47699
1691679345147 0.046184975653886795 47749
1691679345246 0.05298619717359543 47799
1691679345343 0.04055985063314438 47849
1691679345439 0.060761723667383194 47899
1691679345536 0.06443783640861511 47949
1691679345632 0.048145927488803864 47999
