1691678705414 0 49
1691678705519 0 99
1691678705620 0 149
1691678705719 0 199
1691678705818 0 249
1691678705914 0 299
1691678706009 0 349
1691678706105 0 399
1691678706199 0 449
1691678706292 0 499
1691678706385 0 549
1691678706479 0 599
1691678706572 0 649
1691678706666 0 699
1691678706760 0 749
1691678706854 0 799
1691678706948 0 849
1691678707042 0 899
1691678707136 0 949
1691678707231 0 999
1691678707327 0 1049
1691678707421 0 1099
1691678707515 0 1149
1691678707608 0 1199
1691678707701 0 1249
1691678707792 0 1299
1691678707886 0 1349
1691678707979 0 1399
1691678708072 0 1449
1691678708165 0 1499
1691678708258 0 1549
1691678708352 0 1599
1691678708446 0 1649
1691678708541 0 1699
1691678708636 0 1749
1691678708731 0 1799
1691678708825 0 1849
1691678708920 0 1899
1691678709015 0 1949
1691678709110 0 1999
1691678709204 0 2049
1691678709299 0 2099
1691678709393 0 2149
1691678709485 0 2199
1691678709577 0 2249
1691678709670 0 2299
1691678709763 0 2349
1691678709857 0 2399
1691678709950 0 2449
1691678710044 0 2499
1691678710139 0 2549
1691678710233 0 2599
1691678710328 0 2649
1691678710422 0 2699
1691678710536 0 2749
1691678710631 0 2799
1691678710725 0 2849
1691678710819 0 2899
1691678710914 0 2949
1691678711008 0 2999
1691678711102 0 3049
1691678711197 0 3099
1691678711291 0 3149
1691678711386 0 3199
1691678711480 0 3249
1691678711575 0 3299
1691678711669 0 3349
1691678711764 0 3399
1691678711859 0 3449
1691678711953 0 3499
1691678712048 0 3549
1691678712142 0 3599
1691678712237 0 3649
1691678712331 0 3699
1691678712429 0 3749
1691678712527 0 3799
1691678712625 0 3849
1691678712724 0 3899
1691678712822 0 3949
1691678712922 0 3999
1691678713018 0 4049
1691678713114 0 4099
1691678713210 0 4149
1691678713305 0 4199
1691678713400 0 4249
1691678713496 0 4299
1691678713591 0 4349
1691678713687 0 4399
1691678713782 0 4449
1691678713878 0 4499
1691678713975 0 4549
1691678714071 0 4599
1691678714168 0 4649
1691678714267 0 4699
1691678714363 0 4749
1691678714458 0 4799
1691678714554 0 4849
1691678714650 0 4899
1691678714745 0 4949
1691678714842 0 4999
1691678714938 0 5049
1691678715034 0 5099
1691678715130 0 5149
1691678715226 0 5199
1691678715322 0 5249
1691678715417 0 5299
1691678715511 0 5349
1691678715626 0 5399
1691678715719 0 5449
1691678715813 0 5499
1691678715906 0 5549
1691678716000 0 5599
1691678716093 0 5649
1691678716186 0 5699
1691678716280 0 5749
1691678716373 0 5799
1691678716466 0 5849
1691678716560 0 5899
1691678716653 0 5949
1691678716746 0 5999
1691678716840 0 6049
1691678716934 0 6099
1691678717028 0 6149
1691678717123 0 6199
1691678717217 0 6249
1691678717311 0 6299
1691678717404 0 6349
1691678717497 0 6399
1691678717591 0 6449
1691678717685 0 6499
1691678717779 0 6549
1691678717873 0 6599
1691678717967 0 6649
1691678718061 0 6699
1691678718156 0 6749
1691678718249 0 6799
1691678718342 0 6849
1691678718435 0 6899
1691678718529 0 6949
1691678718622 0 6999
1691678718716 0 7049
1691678718809 0 7099
1691678718903 0 7149
1691678718997 0 7199
1691678719091 0 7249
1691678719185 0 7299
1691678719279 0 7349
1691678719372 0 7399
1691678719465 0 7449
1691678719558 0 7499
1691678719652 0 7549
1691678719745 0 7599
1691678719838 0 7649
1691678719932 0 7699
1691678720026 0 7749
1691678720119 0 7799
1691678720213 0 7849
1691678720306 0 7899
1691678720400 0 7949
1691678720494 0 7999
1691678720588 0 8049
1691678720685 0 8099
1691678720779 0 8149
1691678720873 0 8199
1691678720966 0 8249
1691678721060 0 8299
1691678721155 0 8349
1691678721248 0 8399
1691678721342 0 8449
1691678721435 0 8499
1691678721527 0 8549
1691678721617 0 8599
1691678721709 0 8649
1691678721802 0 8699
1691678721896 0 8749
1691678721989 0 8799
1691678722083 0 8849
1691678722178 0 8899
1691678722271 0 8949
1691678722365 0 8999
1691678722459 0 9049
1691678722552 0 9099
1691678722646 0 9149
1691678722740 0 9199
1691678722834 0 9249
1691678722929 0 9299
1691678723023 0 9349
1691678723118 0 9399
1691678723216 0 9449
1691678723310 0 9499
1691678723411 0 9549
1691678723505 0 9599
1691678723598 0 9649
1691678723692 0 9699
1691678723786 0 9749
1691678723880 0 9799
1691678723973 0 9849
1691678724067 0 9899
1691678724160 0 9949
1691678724254 0 9999
1691678724348 0 10049
1691678724441 0 10099
1691678724535 0 10149
1691678724629 0 10199
1691678724723 0 10249
1691678724817 0 10299
1691678724910 0 10349
1691678725004 0 10399
1691678725098 0 10449
1691678725192 0 10499
1691678725285 0 10549
1691678725379 0 10599
1691678725473 0 10649
1691678725566 0 10699
1691678725660 0 10749
1691678725757 0 10799
1691678725850 0 10849
1691678725944 0 10899
1691678726038 0 10949
1691678726131 0 10999
1691678726224 0 11049
1691678726318 0 11099
1691678726412 0 11149
1691678726505 0 11199
1691678726599 0 11249
1691678726693 0 11299
1691678726786 0 11349
1691678726880 0 11399
1691678726974 0 11449
1691678727067 0 11499
1691678727161 0 11549
1691678727254 0 11599
1691678727348 0 11649
1691678727441 0 11699
1691678727535 0 11749
1691678727629 0 11799
1691678727722 0 11849
1691678727816 0 11899
1691678727911 0 11949
1691678728005 0 11999
1691678728098 0 12049
1691678728192 0 12099
1691678728286 0 12149
1691678728381 0 12199
1691678728474 0 12249
1691678728568 0 12299
1691678728662 0 12349
1691678728756 0 12399
1691678728850 0 12449
1691678728944 0 12499
1691678729038 0 12549
1691678729131 0 12599
1691678729224 0 12649
1691678729318 0 12699
1691678729411 0 12749
1691678729506 0 12799
1691678729600 0 12849
1691678729693 0 12899
1691678729786 0 12949
1691678729880 0 12999
1691678729974 0 13049
1691678730068 0 13099
1691678730162 0 13149
1691678730255 0 13199
1691678730349 0 13249
1691678730443 0 13299
1691678730539 0 13349
1691678730635 0 13399
1691678730732 0 13449
1691678730832 0 13499
1691678730928 0 13549
1691678731024 0 13599
1691678731120 0 13649
1691678731216 0 13699
1691678731311 0 13749
1691678731407 0 13799
1691678731503 0 13849
1691678731599 0 13899
1691678731695 0 13949
1691678731791 0 13999
1691678731888 0 14049
1691678731984 0 14099
1691678732080 0 14149
1691678732177 0 14199
1691678732274 0 14249
1691678732370 0 14299
1691678732467 0 14349
1691678732563 0 14399
1691678732660 0 14449
1691678732756 0 14499
1691678732854 0 14549
1691678732951 0 14599
1691678733048 0 14649
1691678733145 0 14699
1691678733241 0 14749
1691678733337 0 14799
1691678733433 0 14849
1691678733529 0 14899
1691678733624 0 14949
1691678733719 0 14999
1691678733816 0 15049
1691678733913 0 15099
1691678734009 0 15149
1691678734105 0 15199
1691678734201 0 15249
1691678734296 0 15299
1691678734391 0 15349
1691678734487 0 15399
1691678734581 0 15449
1691678734677 0 15499
1691678734774 0 15549
1691678734870 0 15599
1691678734966 0 15649
1691678735061 0 15699
1691678735156 0 15749
1691678735252 0 15799
1691678735347 0 15849
1691678735444 0 15899
1691678735539 0 15949
1691678735634 0 15999
1691678735730 0 16049
1691678735826 0 16099
1691678735926 0 16149
1691678736022 0 16199
1691678736118 0 16249
1691678736214 0 16299
1691678736312 0 16349
1691678736408 0 16399
1691678736506 0 16449
1691678736604 0 16499
1691678736697 0 16549
1691678736791 0 16599
1691678736885 0 16649
1691678736979 0 16699
1691678737073 0 16749
1691678737167 0 16799
1691678737261 0 16849
1691678737355 0 16899
1691678737448 0 16949
1691678737542 0 16999
1691678737637 0 17049
1691678737731 0 17099
1691678737825 0 17149
1691678737921 0 17199
1691678738014 0 17249
1691678738108 0 17299
1691678738202 0 17349
1691678738296 0 17399
1691678738389 0 17449
1691678738483 0 17499
1691678738576 0 17549
1691678738669 0 17599
1691678738763 0 17649
1691678738856 0 17699
1691678738949 0 17749
1691678739041 0 17799
1691678739134 0 17849
1691678739227 0 17899
1691678739319 0 17949
1691678739412 0 17999
1691678739505 0 18049
1691678739597 0 18099
1691678739690 0 18149
1691678739784 0 18199
1691678739877 0 18249
1691678739970 0 18299
1691678740064 0 18349
1691678740157 0 18399
1691678740250 0 18449
1691678740342 0 18499
1691678740435 0 18549
1691678740528 0 18599
1691678740621 0 18649
1691678740714 0 18699
1691678740806 0 18749
1691678740899 0 18799
1691678741011 0 18849
1691678741103 0 18899
1691678741196 0 18949
1691678741289 0 18999
1691678741382 0 19049
1691678741475 0 19099
1691678741568 0 19149
1691678741661 0 19199
1691678741753 0 19249
1691678741845 0 19299
1691678741938 0 19349
1691678742031 0 19399
1691678742124 0 19449
1691678742219 0 19499
1691678742313 0 19549
1691678742407 0 19599
1691678742501 0 19649
1691678742595 0 19699
1691678742689 0 19749
1691678742783 0 19799
1691678742877 0 19849
1691678742972 0 19899
1691678743066 0 19949
1691678743161 0 19999
1691678743256 0 20049
1691678743351 0 20099
1691678743445 0 20149
1691678743540 0 20199
1691678743634 0 20249
1691678743728 0 20299
1691678743824 0 20349
1691678743925 0 20399
1691678744020 0 20449
1691678744114 0 20499
1691678744208 0 20549
1691678744303 0 20599
1691678744398 0 20649
1691678744492 0 20699
1691678744586 0 20749
1691678744680 0 20799
1691678744774 0 20849
1691678744868 0 20899
1691678744962 0 20949
1691678745055 0 20999
1691678745149 0 21049
1691678745245 0 21099
1691678745343 0 21149
1691678745440 0 21199
1691678745537 0 21249
1691678745635 0 21299
1691678745732 0 21349
1691678745828 0 21399
1691678745924 0 21449
1691678746024 0 21499
1691678746120 0 21549
1691678746216 0 21599
1691678746312 0 21649
1691678746408 0 21699
1691678746504 0 21749
1691678746601 0 21799
1691678746696 0 21849
1691678746792 0 21899
1691678746887 0 21949
1691678746982 0 21999
1691678747078 0 22049
1691678747173 0 22099
1691678747268 0 22149
1691678747361 0 22199
1691678747455 0 22249
1691678747548 0 22299
1691678747641 0 22349
1691678747734 0 22399
1691678747827 0 22449
1691678747922 0 22499
1691678748017 0 22549
1691678748112 0 22599
1691678748206 0 22649
1691678748301 0 22699
1691678748398 0 22749
1691678748494 0 22799
1691678748590 0 22849
1691678748689 0 22899
1691678748784 0 22949
1691678748880 0 22999
1691678748978 0 23049
1691678749075 0 23099
1691678749172 0 23149
1691678749271 0 23199
1691678749367 0 23249
1691678749463 0 23299
1691678749558 0 23349
1691678749654 0 23399
1691678749749 0 23449
1691678749845 0 23499
1691678749941 0 23549
1691678750036 0 23599
1691678750132 0 23649
1691678750228 0 23699
1691678750324 0 23749
1691678750420 0 23799
1691678750516 0 23849
1691678750612 0 23899
1691678750707 0 23949
1691678750803 0 23999
1691678750899 0 24049
1691678750994 0 24099
1691678751093 0 24149
1691678751189 0 24199
1691678751285 0 24249
1691678751381 0 24299
1691678751476 0 24349
1691678751575 0 24399
1691678751671 0 24449
1691678751767 0 24499
1691678751862 0 24549
1691678751958 0 24599
1691678752062 0 24649
1691678752160 0 24699
1691678752255 0 24749
1691678752351 0 24799
1691678752446 0 24849
1691678752542 0 24899
1691678752637 0 24949
1691678752733 0 24999
1691678752828 0 25049
1691678752925 0 25099
1691678753021 0 25149
1691678753116 0 25199
1691678753212 0 25249
1691678753307 0 25299
1691678753403 0 25349
1691678753499 0 25399
1691678753594 0 25449
1691678753691 0 25499
1691678753787 0 25549
1691678753884 0 25599
1691678753979 0 25649
1691678754075 0 25699
1691678754171 0 25749
1691678754267 0 25799
1691678754363 0 25849
1691678754459 0 25899
1691678754555 0 25949
1691678754651 0 25999
1691678754746 0 26049
1691678754842 0 26099
1691678754939 0 26149
1691678755034 0 26199
1691678755130 0 26249
1691678755226 0 26299
1691678755322 0 26349
1691678755442 0 26399
1691678755538 0 26449
1691678755633 0 26499
1691678755729 0 26549
1691678755825 0 26599
1691678755920 0 26649
1691678756016 0 26699
1691678756112 0 26749
1691678756207 0 26799
1691678756303 0 26849
1691678756399 0 26899
1691678756494 0 26949
1691678756590 0 26999
1691678756685 0 27049
1691678756781 0 27099
1691678756875 0 27149
1691678756970 0 27199
1691678757065 0 27249
1691678757163 0 27299
1691678757257 0 27349
1691678757352 0 27399
1691678757447 0 27449
1691678757541 0 27499
1691678757636 0 27549
1691678757730 0 27599
1691678757825 0 27649
1691678757921 0 27699
1691678758016 0 27749
1691678758112 0 27799
1691678758208 0 27849
1691678758304 0 27899
1691678758399 0 27949
1691678758494 0 27999
1691678758589 0 28049
1691678758683 0 28099
1691678758778 0 28149
1691678758873 0 28199
1691678758968 0 28249
1691678759063 0 28299
1691678759160 0 28349
1691678759258 0 28399
1691678759352 0 28449
1691678759446 0 28499
1691678759539 0 28549
1691678759632 0 28599
1691678759725 0 28649
1691678759819 0 28699
1691678759913 0 28749
1691678760007 0 28799
1691678760105 0 28849
1691678760199 0 28899
1691678760292 0 28949
1691678760385 0 28999
1691678760479 0 29049
1691678760572 0 29099
1691678760665 0 29149
1691678760759 0 29199
1691678760852 0 29249
1691678760946 0 29299
1691678761040 0 29349
1691678761133 0 29399
1691678761227 0 29449
1691678761320 0 29499
1691678761414 0 29549
1691678761507 0 29599
1691678761601 0 29649
1691678761694 0 29699
1691678761787 0 29749
1691678761881 0 29799
1691678761974 0 29849
1691678762068 0 29899
1691678762181 0 29949
1691678762275 0 29999
1691678762368 0 30049
1691678762462 0 30099
1691678762555 0 30149
1691678762648 0 30199
1691678762742 0 30249
1691678762835 0 30299
1691678762929 0 30349
1691678763022 0 30399
1691678763115 0 30449
1691678763208 0 30499
1691678763302 0 30549
1691678763395 0 30599
1691678763489 0 30649
1691678763582 0 30699
1691678763676 0 30749
1691678763769 0 30799
1691678763863 0 30849
1691678763956 0 30899
1691678764049 0 30949
1691678764143 0 30999
1691678764236 0 31049
1691678764330 0 31099
1691678764423 0 31149
1691678764516 0 31199
1691678764609 0 31249
1691678764703 0 31299
1691678764797 0 31349
1691678764891 0 31399
1691678764985 0 31449
1691678765081 0 31499
1691678765176 0 31549
1691678765271 0 31599
1691678765363 0 31649
1691678765457 0 31699
1691678765551 0 31749
1691678765644 0 31799
1691678765737 0 31849
1691678765831 0 31899
1691678765924 0 31949
1691678766017 0 31999
1691678766111 0 32049
1691678766204 0 32099
1691678766297 0 32149
1691678766391 0 32199
1691678766486 0 32249
1691678766584 0 32299
1691678766679 0 32349
1691678766773 0 32399
1691678766866 0 32449
1691678766960 0 32499
1691678767053 0 32549
1691678767146 0 32599
1691678767287 0 32649
1691678767385 0 32699
1691678767484 0 32749
1691678767585 0 32799
1691678767684 0 32849
1691678767783 0 32899
1691678767882 0 32949
1691678767982 0 32999
1691678768081 0 33049
1691678768180 0 33099
1691678768279 0 33149
1691678768378 0 33199
1691678768477 0 33249
1691678768576 0 33299
1691678768675 0 33349
1691678768774 0 33399
1691678768873 0 33449
1691678768970 0 33499
1691678769065 0 33549
1691678769161 0 33599
1691678769256 0 33649
1691678769352 0 33699
1691678769447 0 33749
1691678769543 0 33799
1691678769639 0 33849
1691678769733 0 33899
1691678769828 0 33949
1691678769924 0 33999
1691678770018 0 34049
1691678770112 0 34099
1691678770206 0 34149
1691678770299 0 34199
1691678770392 0 34249
1691678770486 0 34299
1691678770579 0 34349
1691678770673 0 34399
1691678770766 0 34449
1691678770861 0 34499
1691678770962 0 34549
1691678771059 0 34599
1691678771151 0 34649
1691678771246 0 34699
1691678771342 0 34749
1691678771435 0 34799
1691678771529 0 34849
1691678771624 0 34899
1691678771719 0 34949
1691678771813 0 34999
1691678771907 0 35049
1691678772001 0 35099
1691678772094 0 35149
1691678772187 0 35199
1691678772281 0 35249
1691678772375 0 35299
1691678772469 0 35349
1691678772563 0 35399
1691678772657 0 35449
1691678772752 0 35499
1691678772849 0 35549
1691678772944 0 35599
1691678773038 0 35649
1691678773131 0 35699
1691678773224 0 35749
1691678773318 0 35799
1691678773412 0 35849
1691678773506 0 35899
1691678773600 0 35949
1691678773692 0 35999
1691678773786 0 36049
1691678773879 0 36099
1691678773973 0 36149
1691678774066 0 36199
1691678774160 0 36249
1691678774253 0 36299
1691678774347 0 36349
1691678774441 0 36399
1691678774534 0 36449
1691678774628 0 36499
1691678774722 0 36549
1691678774817 0 36599
1691678774913 0 36649
1691678775009 0 36699
1691678775105 0 36749
1691678775201 0 36799
1691678775297 0 36849
1691678775393 0 36899
1691678775489 0 36949
1691678775585 0 36999
1691678775682 0 37049
1691678775778 0 37099
1691678775875 0 37149
1691678775970 0 37199
1691678776067 0 37249
1691678776163 0 37299
1691678776259 0 37349
1691678776356 0 37399
1691678776452 0 37449
1691678776548 0 37499
1691678776644 0 37549
1691678776741 0 37599
1691678776838 0 37649
1691678776934 0 37699
1691678777034 0 37749
1691678777131 0 37799
1691678777228 0 37849
1691678777324 0 37899
1691678777421 0 37949
1691678777517 0 37999
1691678777612 0 38049
1691678777706 0 38099
1691678777800 0 38149
1691678777896 0 38199
1691678777990 0 38249
1691678778085 0 38299
1691678778179 0 38349
1691678778273 0 38399
1691678778367 0 38449
1691678778461 0 38499
1691678778555 0 38549
1691678778649 0 38599
1691678778743 0 38649
1691678778837 0 38699
1691678778930 0 38749
1691678779024 0 38799
1691678779119 0 38849
1691678779213 0 38899
1691678779308 0 38949
1691678779405 0 38999
1691678779501 0 39049
1691678779596 0 39099
1691678779692 0 39149
1691678779787 0 39199
1691678779882 0 39249
1691678779977 0 39299
1691678780073 0 39349
1691678780168 0 39399
1691678780263 0 39449
1691678780359 0 39499
1691678780453 0 39549
1691678780548 0 39599
1691678780643 0 39649
1691678780738 0 39699
1691678780833 0 39749
1691678780928 0 39799
1691678781023 0 39849
1691678781118 0 39899
1691678781213 0 39949
1691678781308 0 39999
1691678781407 0 40049
1691678781507 0 40099
1691678781605 0 40149
1691678781708 0 40199
1691678781807 0 40249
1691678781906 0 40299
1691678782005 0 40349
1691678782106 0 40399
1691678782205 0 40449
1691678782303 0 40499
1691678782401 0 40549
1691678782500 0 40599
1691678782596 0 40649
1691678782691 0 40699
1691678782787 0 40749
1691678782883 0 40799
1691678782979 0 40849
1691678783075 0 40899
1691678783171 0 40949
1691678783265 0 40999
1691678783358 0 41049
1691678783454 0 41099
1691678783550 0 41149
1691678783646 0 41199
1691678783742 0 41249
1691678783838 0 41299
1691678783934 0 41349
1691678784030 0 41399
1691678784126 0 41449
1691678784222 0 41499
1691678784318 0 41549
1691678784414 0 41599
1691678784511 0 41649
1691678784609 0 41699
1691678784706 0 41749
1691678784802 0 41799
1691678784895 0 41849
1691678784991 0 41899
1691678785086 0 41949
1691678785182 0 41999
1691678785278 0 42049
1691678785374 0 42099
1691678785470 0 42149
1691678785565 0 42199
1691678785660 0 42249
1691678785755 0 42299
1691678785851 0 42349
1691678785946 0 42399
1691678786041 0 42449
1691678786137 0 42499
1691678786232 0 42549
1691678786328 0 42599
1691678786424 0 42649
1691678786521 0 42699
1691678786616 0 42749
1691678786712 0 42799
1691678786808 0 42849
1691678786904 0 42899
1691678787000 0 42949
1691678787095 0 42999
1691678787193 0 43049
1691678787289 0 43099
1691678787385 0 43149
1691678787482 0 43199
1691678787578 0 43249
1691678787675 0 43299
1691678787771 0 43349
1691678787870 0 43399
1691678787966 0 43449
1691678788061 0 43499
1691678788157 0 43549
1691678788253 0 43599
1691678788349 0 43649
1691678788445 0 43699
1691678788540 0 43749
1691678788633 0 43799
1691678788726 0 43849
1691678788819 0 43899
1691678788913 0 43949
1691678789006 0 43999
1691678789099 0 44049
1691678789193 0 44099
1691678789286 0 44149
1691678789380 0 44199
1691678789473 0 44249
1691678789566 0 44299
1691678789659 0 44349
1691678789752 0 44399
1691678789845 0 44449
1691678789938 0 44499
1691678790031 0 44549
1691678790124 0 44599
1691678790217 0 44649
1691678790310 0 44699
1691678790403 0 44749
1691678790496 0 44799
1691678790590 0 44849
1691678790682 0 44899
1691678790776 0 44949
1691678790869 0 44999
1691678790963 0 45049
1691678791060 0 45099
1691678791158 0 45149
1691678791256 0 45199
1691678791352 0 45249
1691678791449 0 45299
1691678791545 0 45349
1691678791642 0 45399
1691678791739 0 45449
1691678791838 0 45499
1691678791932 0 45549
1691678792027 0 45599
1691678792125 0 45649
1691678792223 0 45699
1691678792318 0 45749
1691678792412 0 45799
1691678792506 0 45849
1691678792600 0 45899
1691678792694 0 45949
1691678792789 0 45999
1691678792884 0 46049
1691678792979 0 46099
1691678793074 0 46149
1691678793169 0 46199
1691678793263 0 46249
1691678793357 0 46299
1691678793451 0 46349
1691678793545 0 46399
1691678793639 0 46449
1691678793733 0 46499
1691678793828 0 46549
1691678793922 0 46599
1691678794017 0 46649
1691678794111 0 46699
1691678794205 0 46749
1691678794300 0 46799
1691678794394 0 46849
1691678794489 0 46899
1691678794583 0 46949
1691678794678 0 46999
1691678794772 0 47049
1691678794867 0 47099
1691678794962 0 47149
1691678795056 0 47199
1691678795151 0 47249
1691678795246 0 47299
1691678795341 0 47349
1691678795435 0 47399
1691678795529 0 47449
1691678795623 0 47499
1691678795718 0 47549
1691678795813 0 47599
1691678795907 0 47649
1691678796001 0 47699
1691678796095 0 47749
1691678796189 0 47799
1691678796283 0 47849
1691678796377 0 47899
1691678796471 0 47949
1691678796565 0 47999
1691678806153 0 47999
1691678806158 0 47999
1691678806253 1 48049
1691678806347 1 48099
1691678806442 1 48149
1691678806537 1 48199
1691678806632 1 48249
1691678806726 1 48299
1691678806820 1 48349
1691678806915 1 48399
1691678807010 1 48449
1691678807105 1 48499
1691678807200 1 48549
1691678807294 1 48599
1691678807390 1 48649
1691678807484 1 48699
1691678807578 1 48749
1691678807673 1 48799
1691678807769 1 48849
1691678807864 1 48899
1691678807959 1 48949
1691678808054 1 48999
1691678808149 1 49049
1691678808245 1 49099
1691678808340 1 49149
1691678808435 1 49199
1691678808531 1 49249
1691678808625 1 49299
1691678808721 1 49349
1691678808816 1 49399
1691678808911 1 49449
1691678809006 1 49499
1691678809101 1 49549
1691678809195 1 49599
1691678809290 1 49649
1691678809385 1 49699
1691678809480 1 49749
1691678809577 1 49799
1691678809672 1 49849
1691678809769 1 49899
1691678809865 1 49949
1691678809962 1 49999
1691678810057 1 50049
1691678810152 1 50099
1691678810247 1 50149
1691678810342 1 50199
1691678810437 1 50249
1691678810532 1 50299
1691678810626 1 50349
1691678810721 1 50399
1691678810816 1 50449
1691678810910 1 50499
1691678811005 1 50549
1691678811100 1 50599
1691678811194 1 50649
1691678811292 1 50699
1691678811387 1 50749
1691678811482 1 50799
1691678811576 1 50849
1691678811671 1 50899
1691678811766 1 50949
1691678811861 1 50999
1691678811956 1 51049
1691678812051 1 51099
1691678812146 1 51149
1691678812241 1 51199
1691678812337 1 51249
1691678812433 1 51299
1691678812528 1 51349
1691678812625 1 51399
1691678812720 1 51449
1691678812816 1 51499
1691678812914 1 51549
1691678813013 1 51599
1691678813111 1 51649
1691678813209 1 51699
1691678813307 1 51749
1691678813405 1 51799
1691678813504 1 51849
1691678813602 1 51899
1691678813701 1 51949
1691678813799 1 51999
1691678813898 1 52049
1691678813996 1 52099
1691678814095 1 52149
1691678814192 1 52199
1691678814290 1 52249
1691678814387 1 52299
1691678814485 1 52349
1691678814583 1 52399
1691678814681 1 52449
1691678814779 1 52499
1691678814878 1 52549
1691678814977 1 52599
1691678815075 1 52649
1691678815173 1 52699
1691678815271 1 52749
1691678815369 1 52799
1691678815465 1 52849
1691678815561 1 52899
1691678815657 1 52949
1691678815753 1 52999
1691678815848 1 53049
1691678815944 1 53099
1691678816040 1 53149
1691678816136 1 53199
1691678816232 1 53249
1691678816348 1 53299
1691678816444 1 53349
1691678816540 1 53399
1691678816634 1 53449
1691678816726 1 53499
1691678816821 1 53549
1691678816916 1 53599
1691678817011 1 53649
1691678817106 1 53699
1691678817200 1 53749
1691678817294 1 53799
1691678817388 1 53849
1691678817483 1 53899
1691678817578 1 53949
1691678817672 1 53999
1691678817767 1 54049
1691678817862 1 54099
1691678817957 1 54149
1691678818052 1 54199
1691678818147 1 54249
1691678818242 1 54299
1691678818336 1 54349
1691678818431 1 54399
1691678818525 1 54449
1691678818620 1 54499
1691678818715 1 54549
1691678818810 1 54599
1691678818906 1 54649
1691678819001 1 54699
1691678819095 1 54749
1691678819190 1 54799
1691678819286 1 54849
1691678819380 1 54899
1691678819475 1 54949
1691678819570 1 54999
1691678819665 1 55049
1691678819760 1 55099
1691678819854 1 55149
1691678819950 1 55199
1691678820044 1 55249
1691678820139 1 55299
1691678820234 1 55349
1691678820330 1 55399
1691678820426 1 55449
1691678820523 1 55499
1691678820619 1 55549
1691678820715 1 55599
1691678820811 1 55649
1691678820907 1 55699
1691678821003 1 55749
1691678821099 1 55799
1691678821195 1 55849
1691678821291 1 55899
1691678821408 1 55949
1691678821505 1 55999
1691678821601 1 56049
1691678821697 1 56099
1691678821793 1 56149
1691678821889 1 56199
1691678821985 1 56249
1691678822082 1 56299
1691678822179 1 56349
1691678822275 1 56399
1691678822371 1 56449
1691678822468 1 56499
1691678822564 1 56549
1691678822661 1 56599
1691678822757 1 56649
1691678822854 1 56699
1691678822951 1 56749
1691678823047 1 56799
1691678823144 1 56849
1691678823240 1 56899
1691678823336 1 56949
1691678823432 1 56999
1691678823529 1 57049
1691678823625 1 57099
1691678823721 1 57149
1691678823818 1 57199
1691678823914 1 57249
1691678824010 1 57299
1691678824106 1 57349
1691678824202 1 57399
1691678824298 1 57449
1691678824394 1 57499
1691678824490 1 57549
1691678824587 1 57599
1691678824685 1 57649
1691678824782 1 57699
1691678824880 1 57749
1691678824976 1 57799
1691678825072 1 57849
1691678825167 1 57899
1691678825263 1 57949
1691678825359 1 57999
1691678825455 1 58049
1691678825551 1 58099
1691678825647 1 58149
1691678825740 1 58199
1691678825834 1 58249
1691678825926 1 58299
1691678826020 1 58349
1691678826113 1 58399
1691678826206 1 58449
1691678826299 1 58499
1691678826396 1 58549
1691678826489 1 58599
1691678826584 1 58649
1691678826679 1 58699
1691678826774 1 58749
1691678826870 1 58799
1691678826965 1 58849
1691678827061 1 58899
1691678827156 1 58949
1691678827252 1 58999
1691678827347 1 59049
1691678827442 1 59099
1691678827538 1 59149
1691678827633 1 59199
1691678827728 1 59249
1691678827823 1 59299
1691678827921 1 59349
1691678828016 1 59399
1691678828111 1 59449
1691678828206 1 59499
1691678828301 1 59549
1691678828396 1 59599
1691678828492 1 59649
1691678828588 1 59699
1691678828683 1 59749
1691678828779 1 59799
1691678828874 1 59849
1691678828969 1 59899
1691678829064 1 59949
1691678829159 1 59999
1691678829255 1 60049
1691678829350 1 60099
1691678829446 1 60149
1691678829541 1 60199
1691678829636 1 60249
1691678829731 1 60299
1691678829827 1 60349
1691678829922 1 60399
1691678830018 1 60449
1691678830112 1 60499
1691678830207 1 60549
1691678830303 1 60599
1691678830399 1 60649
1691678830495 1 60699
1691678830591 1 60749
1691678830688 1 60799
1691678830783 1 60849
1691678830879 1 60899
1691678830975 1 60949
1691678831070 1 60999
1691678831166 1 61049
1691678831262 1 61099
1691678831357 1 61149
1691678831474 1 61199
1691678831570 1 61249
1691678831665 1 61299
1691678831760 1 61349
1691678831856 1 61399
1691678831949 1 61449
1691678832042 1 61499
1691678832135 1 61549
1691678832229 1 61599
1691678832322 1 61649
1691678832415 1 61699
1691678832509 1 61749
1691678832602 1 61799
1691678832695 1 61849
1691678832789 1 61899
1691678832883 1 61949
1691678832977 1 61999
1691678833070 1 62049
1691678833163 1 62099
1691678833257 1 62149
1691678833350 1 62199
1691678833443 1 62249
1691678833537 1 62299
1691678833630 1 62349
1691678833724 1 62399
1691678833817 1 62449
1691678833911 1 62499
1691678834005 1 62549
1691678834099 1 62599
1691678834193 1 62649
1691678834286 1 62699
1691678834379 1 62749
1691678834473 1 62799
1691678834566 1 62849
1691678834659 1 62899
1691678834753 1 62949
1691678834847 1 62999
1691678834940 1 63049
1691678835034 1 63099
1691678835126 1 63149
1691678835220 1 63199
1691678835313 1 63249
1691678835406 1 63299
1691678835499 1 63349
1691678835593 1 63399
1691678835686 1 63449
1691678835779 1 63499
1691678835872 1 63549
1691678835966 1 63599
1691678836059 1 63649
1691678836152 1 63699
1691678836246 1 63749
1691678836339 1 63799
1691678836433 1 63849
1691678836529 1 63899
1691678836626 1 63949
1691678836722 1 63999
1691678836818 1 64049
1691678836914 1 64099
1691678837010 1 64149
1691678837106 1 64199
1691678837202 1 64249
1691678837298 1 64299
1691678837394 1 64349
1691678837490 1 64399
1691678837587 1 64449
1691678837683 1 64499
1691678837779 1 64549
1691678837876 1 64599
1691678837972 1 64649
1691678838068 1 64699
1691678838164 1 64749
1691678838260 1 64799
1691678838357 1 64849
1691678838453 1 64899
1691678838549 1 64949
1691678838648 1 64999
1691678838745 1 65049
1691678838841 1 65099
1691678838943 1 65149
1691678839041 1 65199
1691678839138 1 65249
1691678839235 1 65299
1691678839332 1 65349
1691678839429 1 65399
1691678839525 1 65449
1691678839622 1 65499
1691678839719 1 65549
1691678839816 1 65599
1691678839912 1 65649
1691678840009 1 65699
1691678840106 1 65749
1691678840203 1 65799
1691678840299 1 65849
1691678840396 1 65899
1691678840493 1 65949
1691678840590 1 65999
1691678840687 1 66049
1691678840784 1 66099
1691678840881 1 66149
1691678840978 1 66199
1691678841075 1 66249
1691678841171 1 66299
1691678841268 1 66349
1691678841365 1 66399
1691678841461 1 66449
1691678841579 1 66499
1691678841672 1 66549
1691678841764 1 66599
1691678841859 1 66649
1691678841955 1 66699
1691678842051 1 66749
1691678842147 1 66799
1691678842243 1 66849
1691678842339 1 66899
1691678842434 1 66949
1691678842530 1 66999
1691678842623 1 67049
1691678842716 1 67099
1691678842810 1 67149
1691678842906 1 67199
1691678843002 1 67249
1691678843098 1 67299
1691678843193 1 67349
1691678843288 1 67399
1691678843384 1 67449
1691678843480 1 67499
1691678843576 1 67549
1691678843672 1 67599
1691678843767 1 67649
1691678843863 1 67699
1691678843959 1 67749
1691678844054 1 67799
1691678844150 1 67849
1691678844245 1 67899
1691678844340 1 67949
1691678844436 1 67999
1691678844533 1 68049
1691678844627 1 68099
1691678844720 1 68149
1691678844814 1 68199
1691678844909 1 68249
1691678845005 1 68299
1691678845101 1 68349
1691678845197 1 68399
1691678845292 1 68449
1691678845389 1 68499
1691678845485 1 68549
1691678845578 1 68599
1691678845671 1 68649
1691678845763 1 68699
1691678845858 1 68749
1691678845954 1 68799
1691678846049 1 68849
1691678846146 1 68899
1691678846242 1 68949
1691678846337 1 68999
1691678846434 1 69049
1691678846530 1 69099
1691678846627 1 69149
1691678846720 1 69199
1691678846813 1 69249
1691678846909 1 69299
1691678847006 1 69349
1691678847102 1 69399
1691678847199 1 69449
1691678847295 1 69499
1691678847391 1 69549
1691678847486 1 69599
1691678847582 1 69649
1691678847678 1 69699
1691678847774 1 69749
1691678847870 1 69799
1691678847966 1 69849
1691678848062 1 69899
1691678848157 1 69949
1691678848257 1 69999
1691678848356 1 70049
1691678848452 1 70099
1691678848547 1 70149
1691678848643 1 70199
1691678848738 1 70249
1691678848834 1 70299
1691678848932 1 70349
1691678849032 1 70399
1691678849128 1 70449
1691678849224 1 70499
1691678849319 1 70549
1691678849415 1 70599
1691678849511 1 70649
1691678849606 1 70699
1691678849703 1 70749
1691678849799 1 70799
1691678849894 1 70849
1691678849992 1 70899
1691678850094 1 70949
1691678850191 1 70999
1691678850290 1 71049
1691678850387 1 71099
1691678850484 1 71149
1691678850581 1 71199
1691678850677 1 71249
1691678850773 1 71299
1691678850870 1 71349
1691678850966 1 71399
1691678851062 1 71449
1691678851158 1 71499
1691678851254 1 71549
1691678851349 1 71599
1691678851445 1 71649
1691678851541 1 71699
1691678851637 1 71749
1691678851732 1 71799
1691678851829 1 71849
1691678851924 1 71899
1691678852021 1 71949
1691678852117 1 71999
1691678852215 1 72049
1691678852312 1 72099
1691678852408 1 72149
1691678852504 1 72199
1691678852601 1 72249
1691678852697 1 72299
1691678852792 1 72349
1691678852889 1 72399
1691678852985 1 72449
1691678853081 1 72499
1691678853177 1 72549
1691678853274 1 72599
1691678853370 1 72649
1691678853466 1 72699
1691678853563 1 72749
1691678853659 1 72799
1691678853755 1 72849
1691678853851 1 72899
1691678853948 1 72949
1691678854044 1 72999
1691678854140 1 73049
1691678854236 1 73099
1691678854333 1 73149
1691678854429 1 73199
1691678854525 1 73249
1691678854622 1 73299
1691678854718 1 73349
1691678854814 1 73399
1691678854910 1 73449
1691678855006 1 73499
1691678855102 1 73549
1691678855198 1 73599
1691678855296 1 73649
1691678855392 1 73699
1691678855488 1 73749
1691678855585 1 73799
1691678855681 1 73849
1691678855778 1 73899
1691678855875 1 73949
1691678855971 1 73999
1691678856068 1 74049
1691678856164 1 74099
1691678856262 1 74149
1691678856359 1 74199
1691678856455 1 74249
1691678856551 1 74299
1691678856648 1 74349
1691678856745 1 74399
1691678856841 1 74449
1691678856941 1 74499
1691678857036 1 74549
1691678857132 1 74599
1691678857229 1 74649
1691678857325 1 74699
1691678857421 1 74749
1691678857517 1 74799
1691678857612 1 74849
1691678857707 1 74899
1691678857803 1 74949
1691678857901 1 74999
1691678858000 1 75049
1691678858098 1 75099
1691678858197 1 75149
1691678858295 1 75199
1691678858394 1 75249
1691678858493 1 75299
1691678858593 1 75349
1691678858690 1 75399
1691678858786 1 75449
1691678858883 1 75499
1691678858979 1 75549
1691678859075 1 75599
1691678859171 1 75649
1691678859266 1 75699
1691678859362 1 75749
1691678859458 1 75799
1691678859554 1 75849
1691678859650 1 75899
1691678859746 1 75949
1691678859842 1 75999
1691678859938 1 76049
1691678860034 1 76099
1691678860130 1 76149
1691678860226 1 76199
1691678860322 1 76249
1691678860418 1 76299
1691678860514 1 76349
1691678860611 1 76399
1691678860707 1 76449
1691678860803 1 76499
1691678860899 1 76549
1691678860995 1 76599
1691678861090 1 76649
1691678861186 1 76699
1691678861281 1 76749
1691678861377 1 76799
1691678861473 1 76849
1691678861569 1 76899
1691678861664 1 76949
1691678861760 1 76999
1691678861856 1 77049
1691678861952 1 77099
1691678862048 1 77149
1691678862144 1 77199
1691678862241 1 77249
1691678862336 1 77299
1691678862433 1 77349
1691678862529 1 77399
1691678862628 1 77449
1691678862725 1 77499
1691678862821 1 77549
1691678862918 1 77599
1691678863014 1 77649
1691678863110 1 77699
1691678863207 1 77749
1691678863303 1 77799
1691678863398 1 77849
1691678863494 1 77899
1691678863590 1 77949
1691678863686 1 77999
1691678863782 1 78049
1691678863878 1 78099
1691678863974 1 78149
1691678864070 1 78199
1691678864166 1 78249
1691678864262 1 78299
1691678864358 1 78349
1691678864454 1 78399
1691678864550 1 78449
1691678864646 1 78499
1691678864742 1 78549
1691678864838 1 78599
1691678864933 1 78649
1691678865029 1 78699
1691678865126 1 78749
1691678865222 1 78799
1691678865319 1 78849
1691678865418 1 78899
1691678865515 1 78949
1691678865612 1 78999
1691678865709 1 79049
1691678865806 1 79099
1691678865901 1 79149
1691678865997 1 79199
1691678866093 1 79249
1691678866188 1 79299
1691678866284 1 79349
1691678866380 1 79399
1691678866475 1 79449
1691678866572 1 79499
1691678866667 1 79549
1691678866763 1 79599
1691678866857 1 79649
1691678866951 1 79699
1691678867044 1 79749
1691678867137 1 79799
1691678867230 1 79849
1691678867323 1 79899
1691678867417 1 79949
1691678867511 1 79999
1691678867604 1 80049
1691678867697 1 80099
1691678867790 1 80149
1691678867884 1 80199
1691678867977 1 80249
1691678868070 1 80299
1691678868163 1 80349
1691678868256 1 80399
1691678868348 1 80449
1691678868441 1 80499
1691678868534 1 80549
1691678868628 1 80599
1691678868720 1 80649
1691678868813 1 80699
1691678868906 1 80749
1691678868999 1 80799
1691678869092 1 80849
1691678869184 1 80899
1691678869277 1 80949
1691678869369 1 80999
1691678869462 1 81049
1691678869555 1 81099
1691678869647 1 81149
1691678869738 1 81199
1691678869833 1 81249
1691678869929 1 81299
1691678870025 1 81349
1691678870120 1 81399
1691678870215 1 81449
1691678870310 1 81499
1691678870405 1 81549
1691678870500 1 81599
1691678870595 1 81649
1691678870691 1 81699
1691678870785 1 81749
1691678870881 1 81799
1691678870976 1 81849
1691678871071 1 81899
1691678871166 1 81949
1691678871262 1 81999
1691678871357 1 82049
1691678871453 1 82099
1691678871546 1 82149
1691678871639 1 82199
1691678871732 1 82249
1691678871826 1 82299
1691678871919 1 82349
1691678872012 1 82399
1691678872105 1 82449
1691678872197 1 82499
1691678872291 1 82549
1691678872383 1 82599
1691678872476 1 82649
1691678872569 1 82699
1691678872665 1 82749
1691678872757 1 82799
1691678872859 1 82849
1691678872954 1 82899
1691678873047 1 82949
1691678873140 1 82999
1691678873233 1 83049
1691678873326 1 83099
1691678873419 1 83149
1691678873512 1 83199
1691678873608 1 83249
1691678873703 1 83299
1691678873798 1 83349
1691678873893 1 83399
1691678873988 1 83449
1691678874083 1 83499
1691678874178 1 83549
1691678874272 1 83599
1691678874367 1 83649
1691678874462 1 83699
1691678874558 1 83749
1691678874653 1 83799
1691678874749 1 83849
1691678874845 1 83899
1691678874938 1 83949
1691678875031 1 83999
1691678875124 1 84049
1691678875216 1 84099
1691678875310 1 84149
1691678875404 1 84199
1691678875497 1 84249
1691678875590 1 84299
1691678875684 1 84349
1691678875777 1 84399
1691678875871 1 84449
1691678875964 1 84499
1691678876058 1 84549
1691678876151 1 84599
1691678876244 1 84649
1691678876337 1 84699
1691678876431 1 84749
1691678876524 1 84799
1691678876618 1 84849
1691678876715 1 84899
1691678876809 1 84949
1691678876904 1 84999
1691678876998 1 85049
1691678877092 1 85099
1691678877185 1 85149
1691678877278 1 85199
1691678877371 1 85249
1691678877464 1 85299
1691678877556 1 85349
1691678877649 1 85399
1691678877745 1 85449
1691678877839 1 85499
1691678877933 1 85549
1691678878026 1 85599
1691678878120 1 85649
1691678878213 1 85699
1691678878306 1 85749
1691678878400 1 85799
1691678878494 1 85849
1691678878587 1 85899
1691678878681 1 85949
1691678878775 1 85999
1691678878869 1 86049
1691678878963 1 86099
1691678879056 1 86149
1691678879150 1 86199
1691678879243 1 86249
1691678879337 1 86299
1691678879431 1 86349
1691678879524 1 86399
1691678879617 1 86449
1691678879710 1 86499
1691678879804 1 86549
1691678879897 1 86599
1691678879989 1 86649
1691678880082 1 86699
1691678880176 1 86749
1691678880269 1 86799
1691678880362 1 86849
1691678880456 1 86899
1691678880549 1 86949
1691678880642 1 86999
1691678880736 1 87049
1691678880830 1 87099
1691678880923 1 87149
1691678881016 1 87199
1691678881109 1 87249
1691678881202 1 87299
1691678881296 1 87349
1691678881389 1 87399
1691678881482 1 87449
1691678881575 1 87499
1691678881667 1 87549
1691678881761 1 87599
1691678881854 1 87649
1691678881948 1 87699
1691678882041 1 87749
1691678882134 1 87799
1691678882228 1 87849
1691678882321 1 87899
1691678882414 1 87949
1691678882507 1 87999
1691678882602 1 88049
1691678882698 1 88099
1691678882814 1 88149
1691678882911 1 88199
1691678883007 1 88249
1691678883104 1 88299
1691678883200 1 88349
1691678883295 1 88399
1691678883391 1 88449
1691678883486 1 88499
1691678883581 1 88549
1691678883677 1 88599
1691678883773 1 88649
1691678883869 1 88699
1691678883965 1 88749
1691678884060 1 88799
1691678884156 1 88849
1691678884251 1 88899
1691678884345 1 88949
1691678884441 1 88999
1691678884536 1 89049
1691678884633 1 89099
1691678884729 1 89149
1691678884825 1 89199
1691678884921 1 89249
1691678885017 1 89299
1691678885113 1 89349
1691678885209 1 89399
1691678885305 1 89449
1691678885435 1 89499
1691678885529 1 89549
1691678885623 1 89599
1691678885716 1 89649
1691678885810 1 89699
1691678885906 1 89749
1691678886002 1 89799
1691678886098 1 89849
1691678886193 1 89899
1691678886288 1 89949
1691678886384 1 89999
1691678886480 1 90049
1691678886576 1 90099
1691678886672 1 90149
1691678886767 1 90199
1691678886863 1 90249
1691678886959 1 90299
1691678887056 1 90349
1691678887151 1 90399
1691678887247 1 90449
1691678887342 1 90499
1691678887438 1 90549
1691678887534 1 90599
1691678887629 1 90649
1691678887726 1 90699
1691678887838 1 90749
1691678887935 1 90799
1691678888030 1 90849
1691678888126 1 90899
1691678888222 1 90949
1691678888315 1 90999
1691678888409 1 91049
1691678888503 1 91099
1691678888597 1 91149
1691678888692 1 91199
1691678888786 1 91249
1691678888880 1 91299
1691678888977 1 91349
1691678889072 1 91399
1691678889165 1 91449
1691678889259 1 91499
1691678889353 1 91549
1691678889447 1 91599
1691678889541 1 91649
1691678889634 1 91699
1691678889728 1 91749
1691678889823 1 91799
1691678889919 1 91849
1691678890014 1 91899
1691678890109 1 91949
1691678890204 1 91999
1691678890300 1 92049
1691678890395 1 92099
1691678890490 1 92149
1691678890585 1 92199
1691678890680 1 92249
1691678890775 1 92299
1691678890869 1 92349
1691678890962 1 92399
1691678891056 1 92449
1691678891150 1 92499
1691678891244 1 92549
1691678891338 1 92599
1691678891433 1 92649
1691678891527 1 92699
1691678891621 1 92749
1691678891715 1 92799
1691678891809 1 92849
1691678891903 1 92899
1691678891997 1 92949
1691678892091 1 92999
1691678892185 1 93049
1691678892279 1 93099
1691678892373 1 93149
1691678892467 1 93199
1691678892561 1 93249
1691678892655 1 93299
1691678892749 1 93349
1691678892847 1 93399
1691678892941 1 93449
1691678893035 1 93499
1691678893129 1 93549
1691678893223 1 93599
1691678893317 1 93649
1691678893411 1 93699
1691678893504 1 93749
1691678893599 1 93799
1691678893695 1 93849
1691678893791 1 93899
1691678893887 1 93949
1691678893983 1 93999
1691678894079 1 94049
1691678894176 1 94099
1691678894271 1 94149
1691678894367 1 94199
1691678894464 1 94249
1691678894559 1 94299
1691678894656 1 94349
1691678894752 1 94399
1691678894848 1 94449
1691678894944 1 94499
1691678895040 1 94549
1691678895136 1 94599
1691678895232 1 94649
1691678895328 1 94699
1691678895424 1 94749
1691678895519 1 94799
1691678895615 1 94849
1691678895711 1 94899
1691678895807 1 94949
1691678895902 1 94999
1691678895997 1 95049
1691678896092 1 95099
1691678896187 1 95149
1691678896282 1 95199
1691678896376 1 95249
1691678896471 1 95299
1691678896566 1 95349
1691678896661 1 95399
1691678896756 1 95449
1691678896851 1 95499
1691678896946 1 95549
1691678897041 1 95599
1691678897136 1 95649
1691678897231 1 95699
1691678897326 1 95749
1691678897421 1 95799
1691678897515 1 95849
1691678897610 1 95899
1691678897705 1 95949
1691678897800 1 95999
1691678907397 1 95999
1691678907401 1 95999
1691678907497 2 96049
1691678907591 2 96099
1691678907686 2 96149
1691678907781 2 96199
1691678907877 2 96249
1691678907974 2 96299
1691678908071 2 96349
1691678908171 2 96399
1691678908269 2 96449
1691678908375 2 96499
1691678908472 2 96549
1691678908569 2 96599
1691678908664 2 96649
1691678908760 2 96699
1691678908856 2 96749
1691678908953 2 96799
1691678909049 2 96849
1691678909145 2 96899
1691678909243 2 96949
1691678909341 2 96999
1691678909437 2 97049
1691678909536 2 97099
1691678909635 2 97149
1691678909733 2 97199
1691678909831 2 97249
1691678909929 2 97299
1691678910028 2 97349
1691678910126 2 97399
1691678910225 2 97449
1691678910323 2 97499
