1691678705414 0.08545108884572983 49
1691678705519 0.05344119295477867 99
1691678705620 0.0460568442940712 149
1691678705719 0.047909267246723175 199
1691678705818 0.07368189841508865 249
1691678705914 0.06182289123535156 299
1691678706009 0.05872952938079834 349
1691678706105 0.055775709450244904 399
1691678706199 0.1121467724442482 449
1691678706292 0.050574954599142075 499
1691678706385 0.055866871029138565 549
1691678706479 0.055959414690732956 599
1691678706572 0.05114119127392769 649
1691678706666 0.06674204021692276 699
1691678706760 0.0701790452003479 749
1691678706854 0.04299338907003403 799
1691678706948 0.045790232717990875 849
1691678707042 0.0806453749537468 899
1691678707136 0.06071736663579941 949
1691678707231 0.0348966084420681 999
1691678707327 0.06453394889831543 1049
1691678707421 0.041158389300107956 1099
1691678707515 0.05047200620174408 1149
1691678707608 0.051251254975795746 1199
1691678707701 0.05525854602456093 1249
1691678707792 0.04482218995690346 1299
1691678707886 0.043357282876968384 1349
1691678707979 0.035098858177661896 1399
1691678708072 0.04493249952793121 1449
1691678708165 0.0777878686785698 1499
1691678708258 0.04995780065655708 1549
1691678708352 0.051756273955106735 1599
1691678708446 0.032182175666093826 1649
1691678708541 0.03701627254486084 1699
1691678708636 0.058265309780836105 1749
1691678708731 0.08607015013694763 1799
1691678708825 0.05499620735645294 1849
1691678708920 0.05172397568821907 1899
1691678709015 0.06388187408447266 1949
1691678709110 0.05326640605926514 1999
1691678709204 0.043877698481082916 2049
1691678709299 0.03182098641991615 2099
1691678709393 0.04963602125644684 2149
1691678709485 0.030340243130922318 2199
1691678709577 0.0391293540596962 2249
1691678709670 0.06980681419372559 2299
1691678709763 0.04588799923658371 2349
1691678709857 0.05583978444337845 2399
1691678709950 0.020904766395688057 2449
1691678710044 0.07522030174732208 2499
1691678710139 0.05571252480149269 2549
1691678710233 0.03448784723877907 2599
1691678710328 0.06661949306726456 2649
1691678710422 0.03507055714726448 2699
1691678710536 0.07005586475133896 2749
1691678710631 0.03560367599129677 2799
1691678710725 0.035922497510910034 2849
1691678710819 0.048508420586586 2899
1691678710914 0.08735265582799911 2949
1691678711008 0.08410368859767914 2999
1691678711102 0.04310935363173485 3049
1691678711197 0.07251767069101334 3099
1691678711291 0.0807192474603653 3149
1691678711386 0.050957489758729935 3199
1691678711480 0.04976961389183998 3249
1691678711575 0.06066170707345009 3299
1691678711669 0.042124953120946884 3349
1691678711764 0.052537951618433 3399
1691678711859 0.046658895909786224 3449
1691678711953 0.024816233664751053 3499
1691678712048 0.07323843240737915 3549
1691678712142 0.05719654634594917 3599
1691678712237 0.03352737799286842 3649
1691678712331 0.06856562942266464 3699
1691678712429 0.029345059767365456 3749
1691678712527 0.09634167701005936 3799
1691678712625 0.04352237656712532 3849
1691678712724 0.05392475426197052 3899
1691678712822 0.05919547379016876 3949
1691678712922 0.03204716742038727 3999
1691678713018 0.03665420040488243 4049
1691678713114 0.056067708879709244 4099
1691678713210 0.014173198491334915 4149
1691678713305 0.05832737684249878 4199
1691678713400 0.0704694390296936 4249
1691678713496 0.06590759009122849 4299
1691678713591 0.05308833345770836 4349
1691678713687 0.05657004192471504 4399
1691678713782 0.05658422410488129 4449
1691678713878 0.0785016417503357 4499
1691678713975 0.01609722152352333 4549
1691678714071 0.05182865634560585 4599
1691678714168 0.0424899086356163 4649
1691678714267 0.058730415999889374 4699
1691678714363 0.028781414031982422 4749
1691678714458 0.06766697019338608 4799
1691678714554 0.03597686067223549 4849
1691678714650 0.01340564712882042 4899
1691678714745 0.08435996621847153 4949
1691678714842 0.04751582816243172 4999
1691678714938 0.04624459147453308 5049
1691678715034 0.03981110081076622 5099
1691678715130 0.045638687908649445 5149
1691678715226 0.04462795704603195 5199
1691678715322 0.04606135934591293 5249
1691678715417 0.060796454548835754 5299
1691678715511 0.03801704943180084 5349
1691678715626 0.05193523317575455 5399
1691678715719 0.03077211044728756 5449
1691678715813 0.027298780158162117 5499
1691678715906 0.03397924825549126 5549
1691678716000 0.04575127363204956 5599
1691678716093 0.04069547355175018 5649
1691678716186 0.02642912231385708 5699
1691678716280 0.06382068246603012 5749
1691678716373 0.03284537419676781 5799
1691678716466 0.03307637944817543 5849
1691678716560 0.07093722373247147 5899
1691678716653 0.08691012859344482 5949
1691678716746 0.023245573043823242 5999
1691678716840 0.04417812451720238 6049
1691678716934 0.04188774898648262 6099
1691678717028 0.04089682921767235 6149
1691678717123 0.06470490992069244 6199
1691678717217 0.03798700124025345 6249
1691678717311 0.04933752119541168 6299
1691678717404 0.013820693828165531 6349
1691678717497 0.040446218103170395 6399
1691678717591 0.0325249545276165 6449
1691678717685 0.06258741021156311 6499
1691678717779 0.04894721508026123 6549
1691678717873 0.042804598808288574 6599
1691678717967 0.05598941817879677 6649
1691678718061 0.0621664933860302 6699
1691678718156 0.07001730799674988 6749
1691678718249 0.0896347165107727 6799
1691678718342 0.05100806802511215 6849
1691678718435 0.14280451834201813 6899
1691678718529 0.036242157220840454 6949
1691678718622 0.019538963213562965 6999
1691678718716 0.03406885266304016 7049
1691678718809 0.04140075296163559 7099
1691678718903 0.03786789998412132 7149
1691678718997 0.051765840500593185 7199
1691678719091 0.052457936108112335 7249
1691678719185 0.06554116308689117 7299
1691678719279 0.04293380305171013 7349
1691678719372 0.08724065870046616 7399
1691678719465 0.04080331325531006 7449
1691678719558 0.04555313661694527 7499
1691678719652 0.07031501084566116 7549
1691678719745 0.05882707238197327 7599
1691678719838 0.06342115253210068 7649
1691678719932 0.014102635905146599 7699
1691678720026 0.013922959566116333 7749
1691678720119 0.058526184409856796 7799
1691678720213 0.03931042551994324 7849
1691678720306 0.015047912485897541 7899
1691678720400 0.025639528408646584 7949
1691678720494 0.02537720650434494 7999
1691678720588 0.04966592788696289 8049
1691678720685 0.0513315387070179 8099
1691678720779 0.030277935788035393 8149
1691678720873 0.04179196059703827 8199
1691678720966 0.029866904020309448 8249
1691678721060 0.04345808923244476 8299
1691678721155 0.04157571494579315 8349
1691678721248 0.07478642463684082 8399
1691678721342 0.028074264526367188 8449
1691678721435 0.014150409959256649 8499
1691678721527 0.04329591244459152 8549
1691678721617 0.047781385481357574 8599
1691678721709 0.070725217461586 8649
1691678721802 0.06538823992013931 8699
1691678721896 0.013893423601984978 8749
1691678721989 0.06654907017946243 8799
1691678722083 0.03093763440847397 8849
1691678722178 0.04081996902823448 8899
1691678722271 0.03508560359477997 8949
1691678722365 0.06442970782518387 8999
1691678722459 0.052942629903554916 9049
1691678722552 0.05077101290225983 9099
1691678722646 0.04052555188536644 9149
1691678722740 0.03078903816640377 9199
1691678722834 0.05159038305282593 9249
1691678722929 0.03708209469914436 9299
1691678723023 0.027292966842651367 9349
1691678723118 0.07526537030935287 9399
1691678723216 0.022478526458144188 9449
1691678723310 0.04347008839249611 9499
1691678723411 0.055820658802986145 9549
1691678723505 0.030557379126548767 9599
1691678723598 0.08416520804166794 9649
1691678723692 0.03785216808319092 9699
1691678723786 0.050289735198020935 9749
1691678723880 0.06408055126667023 9799
1691678723973 0.03802129253745079 9849
1691678724067 0.07458728551864624 9899
1691678724160 0.08277610689401627 9949
1691678724254 0.03911784663796425 9999
1691678724348 0.044989846646785736 10049
1691678724441 0.04652850329875946 10099
1691678724535 0.045177605003118515 10149
1691678724629 0.0514671728014946 10199
1691678724723 0.027698462828993797 10249
1691678724817 0.05061787739396095 10299
1691678724910 0.06300647556781769 10349
1691678725004 0.04850659519433975 10399
1691678725098 0.05954804643988609 10449
1691678725192 0.05137980729341507 10499
1691678725285 0.0699736624956131 10549
1691678725379 0.03664194792509079 10599
1691678725473 0.06183874234557152 10649
1691678725566 0.04419798031449318 10699
1691678725660 0.05103348195552826 10749
1691678725757 0.07259214669466019 10799
1691678725850 0.061925530433654785 10849
1691678725944 0.08621593564748764 10899
1691678726038 0.03482655808329582 10949
1691678726131 0.051212795078754425 10999
1691678726224 0.049507398158311844 11049
1691678726318 0.02960197441279888 11099
1691678726412 0.0562966912984848 11149
1691678726505 0.04022994637489319 11199
1691678726599 0.043706875294446945 11249
1691678726693 0.03803390637040138 11299
1691678726786 0.0523977056145668 11349
1691678726880 0.017498955130577087 11399
1691678726974 0.04072744771838188 11449
1691678727067 0.049357131123542786 11499
1691678727161 0.04317537695169449 11549
1691678727254 0.028309863060712814 11599
1691678727348 0.06954877823591232 11649
1691678727441 0.046080101281404495 11699
1691678727535 0.013265492394566536 11749
1691678727629 0.03727668896317482 11799
1691678727722 0.03695014864206314 11849
1691678727816 0.06462959945201874 11899
1691678727911 0.02870732918381691 11949
1691678728005 0.06446200609207153 11999
1691678728098 0.07082733511924744 12049
1691678728192 0.024335427209734917 12099
1691678728286 0.008762718178331852 12149
1691678728381 0.04644627496600151 12199
1691678728474 0.06142837181687355 12249
1691678728568 0.04566923528909683 12299
1691678728662 0.043124325573444366 12349
1691678728756 0.03483513742685318 12399
1691678728850 0.06049158051609993 12449
1691678728944 0.047084297984838486 12499
1691678729038 0.055137988179922104 12549
1691678729131 0.048319172114133835 12599
1691678729224 0.05327865853905678 12649
1691678729318 0.04456380754709244 12699
1691678729411 0.05056796595454216 12749
1691678729506 0.06258300691843033 12799
1691678729600 0.06798949837684631 12849
1691678729693 0.04858258366584778 12899
1691678729786 0.052651986479759216 12949
1691678729880 0.06299244612455368 12999
1691678729974 0.03398643806576729 13049
1691678730068 0.04580920934677124 13099
1691678730162 0.06239059194922447 13149
1691678730255 0.040982626378536224 13199
1691678730349 0.05599019676446915 13249
1691678730443 0.04307284578680992 13299
1691678730539 0.04967586323618889 13349
1691678730635 0.03297979757189751 13399
1691678730732 0.04454360529780388 13449
1691678730832 0.04414768144488335 13499
1691678730928 0.03286935016512871 13549
1691678731024 0.04890330880880356 13599
1691678731120 0.05540597438812256 13649
1691678731216 0.04644551873207092 13699
1691678731311 0.027629464864730835 13749
1691678731407 0.025971436873078346 13799
1691678731503 0.09631183743476868 13849
1691678731599 0.030376939103007317 13899
1691678731695 0.045890145003795624 13949
1691678731791 0.03720306232571602 13999
1691678731888 0.07079973816871643 14049
1691678731984 0.06848768144845963 14099
1691678732080 0.03513794019818306 14149
1691678732177 0.01582278683781624 14199
1691678732274 0.039953868836164474 14249
1691678732370 0.06282401084899902 14299
1691678732467 0.05172043666243553 14349
1691678732563 0.04788023978471756 14399
1691678732660 0.05033113807439804 14449
1691678732756 0.031080026179552078 14499
1691678732854 0.029257474467158318 14549
1691678732951 0.04922908544540405 14599
1691678733048 0.03161313012242317 14649
1691678733145 0.028464369475841522 14699
1691678733241 0.03308482468128204 14749
1691678733337 0.08320336043834686 14799
1691678733433 0.07690908759832382 14849
1691678733529 0.058362927287817 14899
1691678733624 0.03584860637784004 14949
1691678733719 0.057554833590984344 14999
1691678733816 0.03968881815671921 15049
1691678733913 0.05795534327626228 15099
1691678734009 0.04442247003316879 15149
1691678734105 0.0624498575925827 15199
1691678734201 0.020913099870085716 15249
1691678734296 0.05077711492776871 15299
1691678734391 0.05184556916356087 15349
1691678734487 0.0561429038643837 15399
1691678734581 0.09009647369384766 15449
1691678734677 0.03943266719579697 15499
1691678734774 0.03500053659081459 15549
1691678734870 0.05640137195587158 15599
1691678734966 0.06665205210447311 15649
1691678735061 0.05192040279507637 15699
1691678735156 0.04741808772087097 15749
1691678735252 0.014290953986346722 15799
1691678735347 0.05053984746336937 15849
1691678735444 0.028695670887827873 15899
1691678735539 0.05865531787276268 15949
1691678735634 0.019005190581083298 15999
1691678735730 0.01347673125565052 16049
1691678735826 0.0701146274805069 16099
1691678735926 0.03524645417928696 16149
1691678736022 0.02829732559621334 16199
1691678736118 0.050973620265722275 16249
1691678736214 0.040319446474313736 16299
1691678736312 0.068879634141922 16349
1691678736408 0.09912654757499695 16399
1691678736506 0.03713228553533554 16449
1691678736604 0.01546546071767807 16499
1691678736697 0.06089190021157265 16549
1691678736791 0.03219844400882721 16599
1691678736885 0.034633226692676544 16649
1691678736979 0.032822106033563614 16699
1691678737073 0.02746555767953396 16749
1691678737167 0.013642363250255585 16799
1691678737261 0.04480528086423874 16849
1691678737355 0.05707874149084091 16899
1691678737448 0.048443373292684555 16949
1691678737542 0.06537981331348419 16999
1691678737637 0.03297262638807297 17049
1691678737731 0.05605165287852287 17099
1691678737825 0.03785201534628868 17149
1691678737921 0.046114299446344376 17199
1691678738014 0.02303244173526764 17249
1691678738108 0.04516403377056122 17299
1691678738202 0.04303672909736633 17349
1691678738296 0.03824255242943764 17399
1691678738389 0.032996244728565216 17449
1691678738483 0.04035654664039612 17499
1691678738576 0.06776268035173416 17549
1691678738669 0.03571583330631256 17599
1691678738763 0.051858678460121155 17649
1691678738856 0.05111585184931755 17699
1691678738949 0.020717674866318703 17749
1691678739041 0.035173285752534866 17799
1691678739134 0.022795584052801132 17849
1691678739227 0.064533531665802 17899
1691678739319 0.05385816842317581 17949
1691678739412 0.04876356199383736 17999
1691678739505 0.04982443153858185 18049
1691678739597 0.07491203397512436 18099
1691678739690 0.054126933217048645 18149
1691678739784 0.0173326525837183 18199
1691678739877 0.06118844449520111 18249
1691678739970 0.07649939507246017 18299
1691678740064 0.053940627723932266 18349
1691678740157 0.05795617029070854 18399
1691678740250 0.04893440008163452 18449
1691678740342 0.035975631326436996 18499
1691678740435 0.04647405073046684 18549
1691678740528 0.07246149331331253 18599
1691678740621 0.05685293301939964 18649
1691678740714 0.0352226123213768 18699
1691678740806 0.011377503164112568 18749
1691678740899 0.047280844300985336 18799
1691678741011 0.028132442384958267 18849
1691678741103 0.04414711520075798 18899
1691678741196 0.018403466790914536 18949
1691678741289 0.025782935321331024 18999
1691678741382 0.035298753529787064 19049
1691678741475 0.05128929391503334 19099
1691678741568 0.06429462134838104 19149
1691678741661 0.05286487191915512 19199
1691678741753 0.07566884905099869 19249
1691678741845 0.03294911980628967 19299
1691678741938 0.041399769484996796 19349
1691678742031 0.07255874574184418 19399
1691678742124 0.01957915537059307 19449
1691678742219 0.035955607891082764 19499
1691678742313 0.06596164405345917 19549
1691678742407 0.05002544820308685 19599
1691678742501 0.08524695783853531 19649
1691678742595 0.0758802741765976 19699
1691678742689 0.04071320220828056 19749
1691678742783 0.05931350216269493 19799
1691678742877 0.06543620675802231 19849
1691678742972 0.03292134031653404 19899
1691678743066 0.06864140927791595 19949
1691678743161 0.03410475701093674 19999
1691678743256 0.049242451786994934 20049
1691678743351 0.05356232076883316 20099
1691678743445 0.05798298493027687 20149
1691678743540 0.03772395849227905 20199
1691678743634 0.04284651204943657 20249
1691678743728 0.08256467431783676 20299
1691678743824 0.035702042281627655 20349
1691678743925 0.06753484159708023 20399
1691678744020 0.024903224781155586 20449
1691678744114 0.05791155993938446 20499
1691678744208 0.03358272463083267 20549
1691678744303 0.06490686535835266 20599
1691678744398 0.08461426198482513 20649
1691678744492 0.025824515148997307 20699
1691678744586 0.022906864061951637 20749
1691678744680 0.07188975065946579 20799
1691678744774 0.0765758827328682 20849
1691678744868 0.03143375739455223 20899
1691678744962 0.029482578858733177 20949
1691678745055 0.06846249848604202 20999
1691678745149 0.04382563382387161 21049
1691678745245 0.037808481603860855 21099
1691678745343 0.03979063779115677 21149
1691678745440 0.035641804337501526 21199
1691678745537 0.013169964775443077 21249
1691678745635 0.03919827938079834 21299
1691678745732 0.05265522003173828 21349
1691678745828 0.08614830672740936 21399
1691678745924 0.042876798659563065 21449
1691678746024 0.043977949768304825 21499
1691678746120 0.03638118505477905 21549
1691678746216 0.038625411689281464 21599
1691678746312 0.039367832243442535 21649
1691678746408 0.04415760189294815 21699
1691678746504 0.04398213326931 21749
1691678746601 0.055819518864154816 21799
1691678746696 0.05347263440489769 21849
1691678746792 0.041400786489248276 21899
1691678746887 0.07074331492185593 21949
1691678746982 0.049685485661029816 21999
1691678747078 0.04409153386950493 22049
1691678747173 0.043001335114240646 22099
1691678747268 0.05249258875846863 22149
1691678747361 0.06373167783021927 22199
1691678747455 0.0815386101603508 22249
1691678747548 0.02860044129192829 22299
1691678747641 0.052211128175258636 22349
1691678747734 0.048408303409814835 22399
1691678747827 0.04731711372733116 22449
1691678747922 0.050390925258398056 22499
1691678748017 0.01961868442595005 22549
1691678748112 0.03523088991641998 22599
1691678748206 0.030869711190462112 22649
1691678748301 0.04711325839161873 22699
1691678748398 0.03501655161380768 22749
1691678748494 0.0653010904788971 22799
1691678748590 0.06500362604856491 22849
1691678748689 0.0416201576590538 22899
1691678748784 0.03227069228887558 22949
1691678748880 0.0516965426504612 22999
1691678748978 0.03263358026742935 23049
1691678749075 0.042386580258607864 23099
1691678749172 0.018188470974564552 23149
1691678749271 0.08478822559118271 23199
1691678749367 0.04231984168291092 23249
1691678749463 0.08285488188266754 23299
1691678749558 0.027094265446066856 23349
1691678749654 0.03951422870159149 23399
1691678749749 0.08015154302120209 23449
1691678749845 0.01010251883417368 23499
1691678749941 0.06863261014223099 23549
1691678750036 0.04851852357387543 23599
1691678750132 0.04414507746696472 23649
1691678750228 0.0425773523747921 23699
1691678750324 0.032947007566690445 23749
1691678750420 0.0410340316593647 23799
1691678750516 0.055543314665555954 23849
1691678750612 0.043027788400650024 23899
1691678750707 0.03729192912578583 23949
1691678750803 0.04629537835717201 23999
1691678750899 0.05624178424477577 24049
1691678750994 0.02681749127805233 24099
1691678751093 0.04363858699798584 24149
1691678751189 0.023039530962705612 24199
1691678751285 0.023000502958893776 24249
1691678751381 0.027717050164937973 24299
1691678751476 0.025774935260415077 24349
1691678751575 0.05071958154439926 24399
1691678751671 0.07528800517320633 24449
1691678751767 0.04015083611011505 24499
1691678751862 0.04009097442030907 24549
1691678751958 0.03604560345411301 24599
1691678752062 0.011602474376559258 24649
1691678752160 0.049507059156894684 24699
1691678752255 0.07137603312730789 24749
1691678752351 0.0435439795255661 24799
1691678752446 0.03436654806137085 24849
1691678752542 0.047215353697538376 24899
1691678752637 0.0845717191696167 24949
1691678752733 0.06325889378786087 24999
1691678752828 0.053297460079193115 25049
1691678752925 0.04291810840368271 25099
1691678753021 0.03147157281637192 25149
1691678753116 0.01705876924097538 25199
1691678753212 0.01411918830126524 25249
1691678753307 0.06410680711269379 25299
1691678753403 0.047229018062353134 25349
1691678753499 0.017761429771780968 25399
1691678753594 0.0423571802675724 25449
1691678753691 0.02966686524450779 25499
1691678753787 0.045081622898578644 25549
1691678753884 0.03793184831738472 25599
1691678753979 0.009161231108009815 25649
1691678754075 0.04221254959702492 25699
1691678754171 0.042239949107170105 25749
1691678754267 0.04300092160701752 25799
1691678754363 0.018171759322285652 25849
1691678754459 0.061536699533462524 25899
1691678754555 0.05675356462597847 25949
1691678754651 0.025165243074297905 25999
1691678754746 0.049341026693582535 26049
1691678754842 0.04838913306593895 26099
1691678754939 0.057980697602033615 26149
1691678755034 0.031770259141922 26199
1691678755130 0.08203905075788498 26249
1691678755226 0.021996740251779556 26299
1691678755322 0.03381551057100296 26349
1691678755442 0.05638362839818001 26399
1691678755538 0.026221338659524918 26449
1691678755633 0.04362337663769722 26499
1691678755729 0.0434480682015419 26549
1691678755825 0.028173040598630905 26599
1691678755920 0.024396773427724838 26649
1691678756016 0.022295191884040833 26699
1691678756112 0.04343193396925926 26749
1691678756207 0.036089152097702026 26799
1691678756303 0.039117809385061264 26849
1691678756399 0.057313237339258194 26899
1691678756494 0.041003644466400146 26949
1691678756590 0.043952181935310364 26999
1691678756685 0.03783547505736351 27049
1691678756781 0.03983665257692337 27099
1691678756875 0.09936714172363281 27149
1691678756970 0.032466523349285126 27199
1691678757065 0.031380847096443176 27249
1691678757163 0.03599950298666954 27299
1691678757257 0.027397308498620987 27349
1691678757352 0.025156959891319275 27399
1691678757447 0.05162355676293373 27449
1691678757541 0.058639731258153915 27499
1691678757636 0.031476136296987534 27549
1691678757730 0.07076610624790192 27599
1691678757825 0.04131060466170311 27649
1691678757921 0.030997738242149353 27699
1691678758016 0.0703819990158081 27749
1691678758112 0.017935775220394135 27799
1691678758208 0.04843132570385933 27849
1691678758304 0.054854683578014374 27899
1691678758399 0.05016031488776207 27949
1691678758494 0.06875632703304291 27999
1691678758589 0.03162089362740517 28049
1691678758683 0.011675026267766953 28099
1691678758778 0.038758356124162674 28149
1691678758873 0.060410477221012115 28199
1691678758968 0.0374295637011528 28249
1691678759063 0.03417455404996872 28299
1691678759160 0.06753472238779068 28349
1691678759258 0.04297184944152832 28399
1691678759352 0.066865473985672 28449
1691678759446 0.046454936265945435 28499
1691678759539 0.03123856894671917 28549
1691678759632 0.060691896826028824 28599
1691678759725 0.01391526684165001 28649
1691678759819 0.0391213558614254 28699
1691678759913 0.04926993325352669 28749
1691678760007 0.031201887875795364 28799
1691678760105 0.05304354801774025 28849
1691678760199 0.04781423136591911 28899
1691678760292 0.02617543935775757 28949
1691678760385 0.036903053522109985 28999
1691678760479 0.04963325336575508 29049
1691678760572 0.0771174430847168 29099
1691678760665 0.04386004060506821 29149
1691678760759 0.0632234588265419 29199
1691678760852 0.059907466173172 29249
1691678760946 0.06556574255228043 29299
1691678761040 0.04520915821194649 29349
1691678761133 0.02867857739329338 29399
1691678761227 0.044145651161670685 29449
1691678761320 0.02627125009894371 29499
1691678761414 0.04092027619481087 29549
1691678761507 0.03666084632277489 29599
1691678761601 0.014929955825209618 29649
1691678761694 0.04018846154212952 29699
1691678761787 0.047243475914001465 29749
1691678761881 0.054317496716976166 29799
1691678761974 0.04051271826028824 29849
1691678762068 0.018483705818653107 29899
1691678762181 0.05813489109277725 29949
1691678762275 0.0339236706495285 29999
1691678762368 0.032437365502119064 30049
1691678762462 0.011517337523400784 30099
1691678762555 0.051632821559906006 30149
1691678762648 0.04019864276051521 30199
1691678762742 0.028837628662586212 30249
1691678762835 0.042468614876270294 30299
1691678762929 0.04908495396375656 30349
1691678763022 0.028815273195505142 30399
1691678763115 0.06086297705769539 30449
1691678763208 0.035883791744709015 30499
1691678763302 0.015793778002262115 30549
1691678763395 0.04985322803258896 30599
1691678763489 0.030384540557861328 30649
1691678763582 0.012544994242489338 30699
1691678763676 0.05095387250185013 30749
1691678763769 0.05034315213561058 30799
1691678763863 0.010486534796655178 30849
1691678763956 0.03283803164958954 30899
1691678764049 0.026793712750077248 30949
1691678764143 0.028936512768268585 30999
1691678764236 0.03908171504735947 31049
1691678764330 0.039616264402866364 31099
1691678764423 0.06425193697214127 31149
1691678764516 0.011249029077589512 31199
1691678764609 0.03420954570174217 31249
1691678764703 0.04622900113463402 31299
1691678764797 0.045378178358078 31349
1691678764891 0.07456419616937637 31399
1691678764985 0.028991684317588806 31449
1691678765081 0.07261542975902557 31499
1691678765176 0.04318889230489731 31549
1691678765271 0.04463905096054077 31599
1691678765363 0.015089394524693489 31649
1691678765457 0.028409119695425034 31699
1691678765551 0.01197759434580803 31749
1691678765644 0.035644154995679855 31799
1691678765737 0.0246052835136652 31849
1691678765831 0.07131586223840714 31899
1691678765924 0.03911454230546951 31949
1691678766017 0.03261628374457359 31999
1691678766111 0.026443324983119965 32049
1691678766204 0.04307940602302551 32099
1691678766297 0.03519769385457039 32149
1691678766391 0.04160472750663757 32199
1691678766486 0.05855250731110573 32249
1691678766584 0.01320780161768198 32299
1691678766679 0.05143571272492409 32349
1691678766773 0.07587681710720062 32399
1691678766866 0.05379394814372063 32449
1691678766960 0.08915415406227112 32499
1691678767053 0.050427455455064774 32549
1691678767146 0.031544364988803864 32599
1691678767287 0.06955629587173462 32649
1691678767385 0.0654156357049942 32699
1691678767484 0.04214215651154518 32749
1691678767585 0.04109890013933182 32799
1691678767684 0.05724545940756798 32849
1691678767783 0.018153151497244835 32899
1691678767882 0.03678906708955765 32949
1691678767982 0.08094099164009094 32999
1691678768081 0.03683000057935715 33049
1691678768180 0.06717466562986374 33099
1691678768279 0.017359832301735878 33149
1691678768378 0.04038441926240921 33199
1691678768477 0.06624636054039001 33249
1691678768576 0.015396847389638424 33299
1691678768675 0.013402554206550121 33349
1691678768774 0.06626967340707779 33399
1691678768873 0.015994571149349213 33449
1691678768970 0.028618665412068367 33499
1691678769065 0.01885695941746235 33549
1691678769161 0.01092182844877243 33599
1691678769256 0.05238790810108185 33649
1691678769352 0.03228006139397621 33699
1691678769447 0.05417961999773979 33749
1691678769543 0.03587358444929123 33799
1691678769639 0.03735379874706268 33849
1691678769733 0.007329758256673813 33899
1691678769828 0.06651550531387329 33949
1691678769924 0.03324107453227043 33999
1691678770018 0.051061421632766724 34049
1691678770112 0.06501569598913193 34099
1691678770206 0.04529617726802826 34149
1691678770299 0.03266242519021034 34199
1691678770392 0.059558186680078506 34249
1691678770486 0.034825533628463745 34299
1691678770579 0.03377065062522888 34349
1691678770673 0.05180865153670311 34399
1691678770766 0.015208344906568527 34449
1691678770861 0.0279094148427248 34499
1691678770962 0.03621849790215492 34549
1691678771059 0.038955435156822205 34599
1691678771151 0.05384841188788414 34649
1691678771246 0.03659520670771599 34699
1691678771342 0.07913927733898163 34749
1691678771435 0.04509073123335838 34799
1691678771529 0.013804479502141476 34849
1691678771624 0.04278881475329399 34899
1691678771719 0.07622356712818146 34949
1691678771813 0.06820827722549438 34999
1691678771907 0.03459857031702995 35049
1691678772001 0.062119293957948685 35099
1691678772094 0.04075825214385986 35149
1691678772187 0.04149036481976509 35199
1691678772281 0.04315509647130966 35249
1691678772375 0.051177121698856354 35299
1691678772469 0.04686763137578964 35349
1691678772563 0.0527699775993824 35399
1691678772657 0.02659471705555916 35449
1691678772752 0.03449408710002899 35499
1691678772849 0.041531212627887726 35549
1691678772944 0.03172868862748146 35599
1691678773038 0.04294799268245697 35649
1691678773131 0.009211826138198376 35699
1691678773224 0.04568763077259064 35749
1691678773318 0.036565881222486496 35799
1691678773412 0.04210880771279335 35849
1691678773506 0.037391532212495804 35899
1691678773600 0.03611001744866371 35949
1691678773692 0.030532106757164 35999
1691678773786 0.06978071480989456 36049
1691678773879 0.03992387652397156 36099
1691678773973 0.04002814739942551 36149
1691678774066 0.06031826511025429 36199
1691678774160 0.03482085466384888 36249
1691678774253 0.07140667736530304 36299
1691678774347 0.04690577834844589 36349
1691678774441 0.0659647285938263 36399
1691678774534 0.0493311770260334 36449
1691678774628 0.06179077550768852 36499
1691678774722 0.032957106828689575 36549
1691678774817 0.05326249450445175 36599
1691678774913 0.03652244061231613 36649
1691678775009 0.042256735265254974 36699
1691678775105 0.06050747632980347 36749
1691678775201 0.04018741846084595 36799
1691678775297 0.05454239621758461 36849
1691678775393 0.0415189154446125 36899
1691678775489 0.03714194521307945 36949
1691678775585 0.026834584772586823 36999
1691678775682 0.038166146725416183 37049
1691678775778 0.04598569869995117 37099
1691678775875 0.012720168568193913 37149
1691678775970 0.05374075472354889 37199
1691678776067 0.034436795860528946 37249
1691678776163 0.0530240461230278 37299
1691678776259 0.036117345094680786 37349
1691678776356 0.021241361275315285 37399
1691678776452 0.015795884653925896 37449
1691678776548 0.03691544011235237 37499
1691678776644 0.06175752356648445 37549
1691678776741 0.031734660267829895 37599
1691678776838 0.05175129324197769 37649
1691678776934 0.05481090769171715 37699
1691678777034 0.03078683651983738 37749
1691678777131 0.05431927368044853 37799
1691678777228 0.02723630703985691 37849
1691678777324 0.036056239157915115 37899
1691678777421 0.03716197609901428 37949
1691678777517 0.05038285255432129 37999
1691678777612 0.02406264841556549 38049
1691678777706 0.015318714082241058 38099
1691678777800 0.019812608137726784 38149
1691678777896 0.04807450249791145 38199
1691678777990 0.027403656393289566 38249
1691678778085 0.038586534559726715 38299
1691678778179 0.06879504770040512 38349
1691678778273 0.043218571692705154 38399
1691678778367 0.039486363530159 38449
1691678778461 0.02605321817100048 38499
1691678778555 0.009898827411234379 38549
1691678778649 0.036300260573625565 38599
1691678778743 0.05195193737745285 38649
1691678778837 0.031218886375427246 38699
1691678778930 0.03262311592698097 38749
1691678779024 0.008084110915660858 38799
1691678779119 0.061298441141843796 38849
1691678779213 0.06888221204280853 38899
1691678779308 0.04660031199455261 38949
1691678779405 0.046759333461523056 38999
1691678779501 0.05696885287761688 39049
1691678779596 0.03975224867463112 39099
1691678779692 0.06651752442121506 39149
1691678779787 0.04462964087724686 39199
1691678779882 0.06483488529920578 39249
1691678779977 0.037542957812547684 39299
1691678780073 0.07427423447370529 39349
1691678780168 0.03671441599726677 39399
1691678780263 0.03540686145424843 39449
1691678780359 0.049399763345718384 39499
1691678780453 0.04058612138032913 39549
1691678780548 0.045761749148368835 39599
1691678780643 0.03741346299648285 39649
1691678780738 0.045390307903289795 39699
1691678780833 0.04363743215799332 39749
1691678780928 0.04271012917160988 39799
1691678781023 0.034000903367996216 39849
1691678781118 0.05114741623401642 39899
1691678781213 0.09000171720981598 39949
1691678781308 0.06345504522323608 39999
1691678781407 0.03035004995763302 40049
1691678781507 0.05733754485845566 40099
1691678781605 0.030861871317029 40149
1691678781708 0.041476234793663025 40199
1691678781807 0.03073074296116829 40249
1691678781906 0.009317675605416298 40299
1691678782005 0.05300702899694443 40349
1691678782106 0.040213972330093384 40399
1691678782205 0.045480504631996155 40449
1691678782303 0.053594544529914856 40499
1691678782401 0.03528110682964325 40549
1691678782500 0.031886111944913864 40599
1691678782596 0.021978937089443207 40649
1691678782691 0.09452436119318008 40699
1691678782787 0.04285404458642006 40749
1691678782883 0.0480920635163784 40799
1691678782979 0.0314260832965374 40849
1691678783075 0.0535341314971447 40899
1691678783171 0.04325354844331741 40949
1691678783265 0.016284918412566185 40999
1691678783358 0.03327813744544983 41049
1691678783454 0.044274188578128815 41099
1691678783550 0.0381648987531662 41149
1691678783646 0.023346425965428352 41199
1691678783742 0.07238560169935226 41249
1691678783838 0.03223511204123497 41299
1691678783934 0.08036039769649506 41349
1691678784030 0.030568236485123634 41399
1691678784126 0.010728992521762848 41449
1691678784222 0.02193569205701351 41499
1691678784318 0.06217282637953758 41549
1691678784414 0.06909432262182236 41599
1691678784511 0.03927674889564514 41649
1691678784609 0.016821546480059624 41699
1691678784706 0.02955958992242813 41749
1691678784802 0.044158365577459335 41799
1691678784895 0.036580104380846024 41849
1691678784991 0.01635589636862278 41899
1691678785086 0.04634575918316841 41949
1691678785182 0.04069097340106964 41999
1691678785278 0.018124448135495186 42049
1691678785374 0.022730663418769836 42099
1691678785470 0.03116881474852562 42149
1691678785565 0.04834973067045212 42199
1691678785660 0.03625928983092308 42249
1691678785755 0.031533122062683105 42299
1691678785851 0.019444230943918228 42349
1691678785946 0.059386640787124634 42399
1691678786041 0.05277274549007416 42449
1691678786137 0.03686869889497757 42499
1691678786232 0.06100093945860863 42549
1691678786328 0.06338181346654892 42599
1691678786424 0.03610377013683319 42649
1691678786521 0.04928069934248924 42699
1691678786616 0.0450502447783947 42749
1691678786712 0.05467362329363823 42799
1691678786808 0.09551864862442017 42849
1691678786904 0.03427401930093765 42899
1691678787000 0.05911824852228165 42949
1691678787095 0.07209588587284088 42999
1691678787193 0.03773714229464531 43049
1691678787289 0.06243913248181343 43099
1691678787385 0.04862372204661369 43149
1691678787482 0.06296540796756744 43199
1691678787578 0.06006522849202156 43249
1691678787675 0.015379488468170166 43299
1691678787771 0.058213844895362854 43349
1691678787870 0.0366661511361599 43399
1691678787966 0.038876667618751526 43449
1691678788061 0.06988172233104706 43499
1691678788157 0.009272778406739235 43549
1691678788253 0.031430140137672424 43599
1691678788349 0.053311530500650406 43649
1691678788445 0.03377639874815941 43699
1691678788540 0.03609364852309227 43749
1691678788633 0.008784010075032711 43799
1691678788726 0.039693210273981094 43849
1691678788819 0.0853613018989563 43899
1691678788913 0.05025695264339447 43949
1691678789006 0.05397748947143555 43999
1691678789099 0.01649341732263565 44049
1691678789193 0.029614219442009926 44099
1691678789286 0.02791716530919075 44149
1691678789380 0.005800606682896614 44199
1691678789473 0.037986159324645996 44249
1691678789566 0.05362854152917862 44299
1691678789659 0.0256674624979496 44349
1691678789752 0.026734869927167892 44399
1691678789845 0.04881579428911209 44449
1691678789938 0.04285373538732529 44499
1691678790031 0.04323690012097359 44549
1691678790124 0.02289678156375885 44599
1691678790217 0.04431843012571335 44649
1691678790310 0.031032605096697807 44699
1691678790403 0.025691349059343338 44749
1691678790496 0.060895174741744995 44799
1691678790590 0.03888212889432907 44849
1691678790682 0.052176427096128464 44899
1691678790776 0.054834168404340744 44949
1691678790869 0.04240547865629196 44999
1691678790963 0.05704395845532417 45049
1691678791060 0.011839759536087513 45099
1691678791158 0.04088679701089859 45149
1691678791256 0.060018140822649 45199
1691678791352 0.05570055544376373 45249
1691678791449 0.046381812542676926 45299
1691678791545 0.02218206599354744 45349
1691678791642 0.06569802016019821 45399
1691678791739 0.03676266595721245 45449
1691678791838 0.034251339733600616 45499
1691678791932 0.03426480293273926 45549
1691678792027 0.06038425862789154 45599
1691678792125 0.04202472046017647 45649
1691678792223 0.0354418084025383 45699
1691678792318 0.03825224190950394 45749
1691678792412 0.04786324501037598 45799
1691678792506 0.029895981773734093 45849
1691678792600 0.03796913102269173 45899
1691678792694 0.013793032616376877 45949
1691678792789 0.06566976755857468 45999
1691678792884 0.011082975193858147 46049
1691678792979 0.07973745465278625 46099
1691678793074 0.047671522945165634 46149
1691678793169 0.03725641220808029 46199
1691678793263 0.019230572506785393 46249
1691678793357 0.05908983573317528 46299
1691678793451 0.03174653649330139 46349
1691678793545 0.030969791114330292 46399
1691678793639 0.04651675000786781 46449
1691678793733 0.04908667504787445 46499
1691678793828 0.06261978298425674 46549
1691678793922 0.09182918816804886 46599
1691678794017 0.039340194314718246 46649
1691678794111 0.031340595334768295 46699
1691678794205 0.03880941495299339 46749
1691678794300 0.053145937621593475 46799
1691678794394 0.02994534932076931 46849
1691678794489 0.02507256716489792 46899
1691678794583 0.06632009893655777 46949
1691678794678 0.042007047683000565 46999
1691678794772 0.036576468497514725 47049
1691678794867 0.03626048192381859 47099
1691678794962 0.05832409858703613 47149
1691678795056 0.01141669787466526 47199
1691678795151 0.040153827518224716 47249
1691678795246 0.03963369503617287 47299
1691678795341 0.03976939246058464 47349
1691678795435 0.03870442882180214 47399
1691678795529 0.04453066363930702 47449
1691678795623 0.049425844103097916 47499
1691678795718 0.0349910706281662 47549
1691678795813 0.05628364905714989 47599
1691678795907 0.041288699954748154 47649
1691678796001 0.030968641862273216 47699
1691678796095 0.04594197869300842 47749
1691678796189 0.04845745489001274 47799
1691678796283 0.042294763028621674 47849
1691678796377 0.057753149420022964 47899
1691678796471 0.05655704066157341 47949
1691678796565 0.04489900544285774 47999
1691678806253 0.04804687947034836 48049
1691678806347 0.0340040884912014 48099
1691678806442 0.01572301797568798 48149
1691678806537 0.040469132363796234 48199
1691678806632 0.057918716222047806 48249
1691678806726 0.035553399473428726 48299
1691678806820 0.038702890276908875 48349
1691678806915 0.03810665011405945 48399
1691678807010 0.05268733203411102 48449
1691678807105 0.03681255131959915 48499
1691678807200 0.0122727882117033 48549
1691678807294 0.042558833956718445 48599
1691678807390 0.03802096098661423 48649
1691678807484 0.04168272390961647 48699
1691678807578 0.07749462872743607 48749
1691678807673 0.03601334989070892 48799
1691678807769 0.031151503324508667 48849
1691678807864 0.03900889679789543 48899
1691678807959 0.052703097462654114 48949
1691678808054 0.03532915562391281 48999
1691678808149 0.06012999266386032 49049
1691678808245 0.031596072018146515 49099
1691678808340 0.03712038695812225 49149
1691678808435 0.04690902307629585 49199
1691678808531 0.0433175154030323 49249
1691678808625 0.03639985993504524 49299
1691678808721 0.05355623736977577 49349
1691678808816 0.039346273988485336 49399
1691678808911 0.03913908824324608 49449
1691678809006 0.04211192578077316 49499
1691678809101 0.047420695424079895 49549
1691678809195 0.03490186482667923 49599
1691678809290 0.02985459938645363 49649
1691678809385 0.03583095967769623 49699
1691678809480 0.04436430707573891 49749
1691678809577 0.09181369096040726 49799
1691678809672 0.04495305195450783 49849
1691678809769 0.050854988396167755 49899
1691678809865 0.07074834406375885 49949
1691678809962 0.04430392384529114 49999
1691678810057 0.037172846496105194 50049
1691678810152 0.03686017170548439 50099
1691678810247 0.0472787469625473 50149
1691678810342 0.022493157535791397 50199
1691678810437 0.029435429722070694 50249
1691678810532 0.04749153554439545 50299
1691678810626 0.0436064749956131 50349
1691678810721 0.04630126804113388 50399
1691678810816 0.007965248078107834 50449
1691678810910 0.07244904339313507 50499
1691678811005 0.040607061237096786 50549
1691678811100 0.011488777585327625 50599
1691678811194 0.04345922917127609 50649
1691678811292 0.02984687127172947 50699
1691678811387 0.06013878434896469 50749
1691678811482 0.03732198476791382 50799
1691678811576 0.02608000859618187 50849
1691678811671 0.048207953572273254 50899
1691678811766 0.061219748109579086 50949
1691678811861 0.07822784781455994 50999
1691678811956 0.03106776997447014 51049
1691678812051 0.06275048106908798 51099
1691678812146 0.052094172686338425 51149
1691678812241 0.036995600908994675 51199
1691678812337 0.03622105345129967 51249
1691678812433 0.05109274014830589 51299
1691678812528 0.04414989799261093 51349
1691678812625 0.03843924030661583 51399
1691678812720 0.030977649614214897 51449
1691678812816 0.022192060947418213 51499
1691678812914 0.0630326196551323 51549
1691678813013 0.06406504660844803 51599
1691678813111 0.0204328540712595 51649
1691678813209 0.05080077797174454 51699
1691678813307 0.011082311160862446 51749
1691678813405 0.08838965743780136 51799
1691678813504 0.040909357368946075 51849
1691678813602 0.04541836678981781 51899
1691678813701 0.05099412426352501 51949
1691678813799 0.03168867155909538 51999
1691678813898 0.0360603965818882 52049
1691678813996 0.056543104350566864 52099
1691678814095 0.009949135594069958 52149
1691678814192 0.051847681403160095 52199
1691678814290 0.07072268426418304 52249
1691678814387 0.059657879173755646 52299
1691678814485 0.0508527047932148 52349
1691678814583 0.05203576758503914 52399
1691678814681 0.03890644758939743 52449
1691678814779 0.0640154778957367 52499
1691678814878 0.011072329245507717 52549
1691678814977 0.05248386040329933 52599
1691678815075 0.03721119835972786 52649
1691678815173 0.04543301835656166 52699
1691678815271 0.031065959483385086 52749
1691678815369 0.06356395781040192 52799
1691678815465 0.03283218666911125 52849
1691678815561 0.008917502127587795 52899
1691678815657 0.05467243492603302 52949
1691678815753 0.03218977153301239 52999
1691678815848 0.03508833795785904 53049
1691678815944 0.030987365171313286 53099
1691678816040 0.04021788388490677 53149
1691678816136 0.03427661955356598 53199
1691678816232 0.041462838649749756 53249
1691678816348 0.06265555322170258 53299
1691678816444 0.034826986491680145 53349
1691678816540 0.026662113144993782 53399
1691678816634 0.024772819131612778 53449
1691678816726 0.021883180364966393 53499
1691678816821 0.030596017837524414 53549
1691678816916 0.04179934412240982 53599
1691678817011 0.035657018423080444 53649
1691678817106 0.030420249328017235 53699
1691678817200 0.04038994014263153 53749
1691678817294 0.028513727709650993 53799
1691678817388 0.02820846252143383 53849
1691678817483 0.07685533910989761 53899
1691678817578 0.07805667072534561 53949
1691678817672 0.020548824220895767 53999
1691678817767 0.045047979801893234 54049
1691678817862 0.04409995302557945 54099
1691678817957 0.04407636821269989 54149
1691678818052 0.06055428087711334 54199
1691678818147 0.03582966700196266 54249
1691678818242 0.0442570261657238 54299
1691678818336 0.010068867355585098 54349
1691678818431 0.042641814798116684 54399
1691678818525 0.027198396623134613 54449
1691678818620 0.061740387231111526 54499
1691678818715 0.04126235842704773 54549
1691678818810 0.0378732867538929 54599
1691678818906 0.04804972931742668 54649
1691678819001 0.051311418414115906 54699
1691678819095 0.07739299535751343 54749
1691678819190 0.08172284066677094 54799
1691678819286 0.04401913285255432 54849
1691678819380 0.16471652686595917 54899
1691678819475 0.03602050989866257 54949
1691678819570 0.012393881566822529 54999
1691678819665 0.030407369136810303 55049
1691678819760 0.02642783708870411 55099
1691678819854 0.034958597272634506 55149
1691678819950 0.044130295515060425 55199
1691678820044 0.04935239255428314 55249
1691678820139 0.06600081920623779 55299
1691678820234 0.04203431308269501 55349
1691678820330 0.09607111662626266 55399
1691678820426 0.029841996729373932 55449
1691678820523 0.03583309426903725 55499
1691678820619 0.07389356195926666 55549
1691678820715 0.052396852523088455 55599
1691678820811 0.06323356926441193 55649
1691678820907 0.009285049512982368 55699
1691678821003 0.01603522337973118 55749
1691678821099 0.03833482041954994 55799
1691678821195 0.03811930865049362 55849
1691678821291 0.009466098621487617 55899
1691678821408 0.025006448850035667 55949
1691678821505 0.02417505532503128 55999
1691678821601 0.03291149064898491 56049
1691678821697 0.04919835925102234 56099
1691678821793 0.02980858087539673 56149
1691678821889 0.04506700858473778 56199
1691678821985 0.03212343528866768 56249
1691678822082 0.039070483297109604 56299
1691678822179 0.03936867415904999 56349
1691678822275 0.05869883671402931 56399
1691678822371 0.023377737030386925 56449
1691678822468 0.011934165842831135 56499
1691678822564 0.03849587216973305 56549
1691678822661 0.0397464781999588 56599
1691678822757 0.07141803205013275 56649
1691678822854 0.06644732505083084 56699
1691678822951 0.01592356339097023 56749
1691678823047 0.05231635272502899 56799
1691678823144 0.02346503920853138 56849
1691678823240 0.040565405040979385 56899
1691678823336 0.031099870800971985 56949
1691678823432 0.06093042716383934 56999
1691678823529 0.050247181206941605 57049
1691678823625 0.047689519822597504 57099
1691678823721 0.0393001064658165 57149
1691678823818 0.02762312814593315 57199
1691678823914 0.04158955067396164 57249
1691678824010 0.03279309719800949 57299
1691678824106 0.02530507929623127 57349
1691678824202 0.08343376964330673 57399
1691678824298 0.01495839562267065 57449
1691678824394 0.03673215210437775 57499
1691678824490 0.04106968641281128 57549
1691678824587 0.02777295932173729 57599
1691678824685 0.0724334791302681 57649
1691678824782 0.03570929914712906 57699
1691678824880 0.0398525707423687 57749
1691678824976 0.0419541671872139 57799
1691678825072 0.033984601497650146 57849
1691678825167 0.06799239665269852 57899
1691678825263 0.06852971017360687 57949
1691678825359 0.04243246838450432 57999
1691678825455 0.04022189602255821 58049
1691678825551 0.02845805697143078 58099
1691678825647 0.03332958742976189 58149
1691678825740 0.044462900608778 58199
1691678825834 0.018518496304750443 58249
1691678825926 0.03912945091724396 58299
1691678826020 0.04574522748589516 58349
1691678826113 0.04276623949408531 58399
1691678826206 0.05707164481282234 58449
1691678826299 0.049521464854478836 58499
1691678826396 0.05415378138422966 58549
1691678826489 0.032252516597509384 58599
1691678826584 0.058855220675468445 58649
1691678826679 0.03975914046168327 58699
1691678826774 0.047560613602399826 58749
1691678826870 0.0624418631196022 58799
1691678826965 0.05673708766698837 58849
1691678827061 0.0796382799744606 58899
1691678827156 0.030585648491978645 58949
1691678827252 0.04606924206018448 58999
1691678827347 0.046363454312086105 59049
1691678827442 0.022016504779458046 59099
1691678827538 0.0436466783285141 59149
1691678827633 0.03961420804262161 59199
1691678827728 0.030895864591002464 59249
1691678827823 0.03337879851460457 59299
1691678827921 0.04955793172121048 59349
1691678828016 0.012941042892634869 59399
1691678828111 0.035027701407670975 59449
1691678828206 0.04383619874715805 59499
1691678828301 0.041800741106271744 59549
1691678828396 0.02416088804602623 59599
1691678828492 0.07574904710054398 59649
1691678828588 0.04272721707820892 59699
1691678828683 0.008310648612678051 59749
1691678828779 0.035267945379018784 59799
1691678828874 0.036111947149038315 59849
1691678828969 0.05323750525712967 59899
1691678829064 0.01783926784992218 59949
1691678829159 0.05783979594707489 59999
1691678829255 0.0724572241306305 60049
1691678829350 0.018281057476997375 60099
1691678829446 0.009965173900127411 60149
1691678829541 0.047912366688251495 60199
1691678829636 0.04323005676269531 60249
1691678829731 0.038909055292606354 60299
1691678829827 0.04399988055229187 60349
1691678829922 0.028967509046196938 60399
1691678830018 0.056503329426050186 60449
1691678830112 0.04334195703268051 60499
1691678830207 0.05621407926082611 60549
1691678830303 0.038776054978370667 60599
1691678830399 0.05092241242527962 60649
1691678830495 0.031066453084349632 60699
1691678830591 0.045886777341365814 60749
1691678830688 0.06801695376634598 60799
1691678830783 0.058827050030231476 60849
1691678830879 0.05156943202018738 60899
1691678830975 0.047556329518556595 60949
1691678831070 0.05512559413909912 60999
1691678831166 0.03183423727750778 61049
1691678831262 0.04705816134810448 61099
1691678831357 0.05405522882938385 61149
1691678831474 0.03429171442985535 61199
1691678831570 0.052405793219804764 61249
1691678831665 0.03937985748052597 61299
1691678831760 0.04800105467438698 61349
1691678831856 0.029140952974557877 61399
1691678831949 0.04824085906147957 61449
1691678832042 0.047247059643268585 61499
1691678832135 0.031782735139131546 61549
1691678832229 0.04522944986820221 61599
1691678832322 0.051994405686855316 61649
1691678832415 0.048021238297224045 61699
1691678832509 0.026424141600728035 61749
1691678832602 0.021592412143945694 61799
1691678832695 0.08992455899715424 61849
1691678832789 0.02608703449368477 61899
1691678832883 0.04513831064105034 61949
1691678832977 0.03543386980891228 61999
1691678833070 0.056168340146541595 62049
1691678833163 0.07498327642679214 62099
1691678833257 0.02921539917588234 62149
1691678833350 0.011752271093428135 62199
1691678833443 0.0380144901573658 62249
1691678833537 0.06456047296524048 62299
1691678833630 0.04073924571275711 62349
1691678833724 0.04728597402572632 62399
1691678833817 0.0474822074174881 62449
1691678833911 0.026920003816485405 62499
1691678834005 0.039531756192445755 62549
1691678834099 0.051386959850788116 62599
1691678834193 0.03012068197131157 62649
1691678834286 0.02753780223429203 62699
1691678834379 0.03291751816868782 62749
1691678834473 0.08046013116836548 62799
1691678834566 0.07253602147102356 62849
1691678834659 0.05218968167901039 62899
1691678834753 0.03165503591299057 62949
1691678834847 0.04860489442944527 62999
1691678834940 0.035718441009521484 63049
1691678835034 0.051114875823259354 63099
1691678835126 0.041230298578739166 63149
1691678835220 0.07088927924633026 63199
1691678835313 0.020490387454628944 63249
1691678835406 0.05182391777634621 63299
1691678835499 0.05045146122574806 63349
1691678835593 0.05649873614311218 63399
1691678835686 0.0808245986700058 63449
1691678835779 0.03742477670311928 63499
1691678835872 0.024368276819586754 63549
1691678835966 0.04777306690812111 63599
1691678836059 0.06318674981594086 63649
1691678836152 0.044443707913160324 63699
1691678836246 0.047359123826026917 63749
1691678836339 0.014219213277101517 63799
1691678836433 0.05853191390633583 63849
1691678836529 0.022468283772468567 63899
1691678836626 0.060740139335393906 63949
1691678836722 0.01768920011818409 63999
1691678836818 0.009961987845599651 64049
1691678836914 0.06430620700120926 64099
1691678837010 0.04282018914818764 64149
1691678837106 0.023723285645246506 64199
1691678837202 0.053894635289907455 64249
1691678837298 0.0374298021197319 64299
1691678837394 0.05853002145886421 64349
1691678837490 0.09938590228557587 64399
1691678837587 0.035003840923309326 64449
1691678837683 0.012992233037948608 64499
1691678837779 0.05675939470529556 64549
1691678837876 0.024699920788407326 64599
1691678837972 0.028310133144259453 64649
1691678838068 0.030728572979569435 64699
1691678838164 0.02593313902616501 64749
1691678838260 0.010146230459213257 64799
1691678838357 0.03956156596541405 64849
1691678838453 0.05122867226600647 64899
1691678838549 0.0471419058740139 64949
1691678838648 0.06302473694086075 64999
1691678838745 0.02975466288626194 65049
1691678838841 0.054495494812726974 65099
1691678838943 0.0370636023581028 65149
1691678839041 0.044626545161008835 65199
1691678839138 0.020242689177393913 65249
1691678839235 0.03918517753481865 65299
1691678839332 0.03634743392467499 65349
1691678839429 0.030878698453307152 65399
1691678839525 0.02972448617219925 65449
1691678839622 0.03525105118751526 65499
1691678839719 0.05594976991415024 65549
1691678839816 0.03336118534207344 65599
1691678839912 0.03763211891055107 65649
1691678840009 0.04483717679977417 65699
1691678840106 0.016391441226005554 65749
1691678840203 0.027625324204564095 65799
1691678840299 0.02730870619416237 65849
1691678840396 0.07892496883869171 65899
1691678840493 0.05097150057554245 65949
1691678840590 0.053520359098911285 65999
1691678840687 0.047869641333818436 66049
1691678840784 0.0629071295261383 66099
1691678840881 0.05728715658187866 66149
1691678840978 0.018700487911701202 66199
1691678841075 0.04373348876833916 66249
1691678841171 0.08045314997434616 66299
1691678841268 0.059109777212142944 66349
1691678841365 0.05660591274499893 66399
1691678841461 0.048262275755405426 66449
1691678841579 0.029293818399310112 66499
1691678841672 0.04822799190878868 66549
1691678841764 0.06646814197301865 66599
1691678841859 0.05336662009358406 66649
1691678841955 0.03117305599153042 66699
1691678842051 0.008519063703715801 66749
1691678842147 0.04697030782699585 66799
1691678842243 0.025841595605015755 66849
1691678842339 0.04439077526330948 66899
1691678842434 0.014383523724973202 66949
1691678842530 0.021393293514847755 66999
1691678842623 0.034107308834791183 67049
1691678842716 0.046924956142902374 67099
1691678842810 0.06620822846889496 67149
1691678842906 0.05152331292629242 67199
1691678843002 0.07531362771987915 67249
1691678843098 0.03540404513478279 67299
1691678843193 0.05207759514451027 67349
1691678843288 0.07266990840435028 67399
1691678843384 0.01633339747786522 67449
1691678843480 0.0373704731464386 67499
1691678843576 0.057389602065086365 67549
1691678843672 0.05049659684300423 67599
1691678843767 0.0658801719546318 67649
1691678843863 0.07347984611988068 67699
1691678843959 0.04011090472340584 67749
1691678844054 0.04883362352848053 67799
1691678844150 0.06812586635351181 67849
1691678844245 0.029098480939865112 67899
1691678844340 0.07434552907943726 67949
1691678844436 0.0347018800675869 67999
1691678844533 0.04889620468020439 68049
1691678844627 0.053098104894161224 68099
1691678844720 0.05109955370426178 68149
1691678844814 0.035855356603860855 68199
1691678844909 0.036165036261081696 68249
1691678845005 0.08629277348518372 68299
1691678845101 0.03693661466240883 68349
1691678845197 0.07020925730466843 68399
1691678845292 0.026086505502462387 68449
1691678845389 0.05556696653366089 68499
1691678845485 0.025971055030822754 68549
1691678845578 0.06150781735777855 68599
1691678845671 0.1036580502986908 68649
1691678845763 0.024034690111875534 68699
1691678845858 0.015575365163385868 68749
1691678845954 0.06253675371408463 68799
1691678846049 0.06501446664333344 68849
1691678846146 0.03200947493314743 68899
1691678846242 0.029089268296957016 68949
1691678846337 0.06236405298113823 68999
1691678846434 0.05004904046654701 69049
1691678846530 0.03821232169866562 69099
1691678846627 0.031070169061422348 69149
1691678846720 0.037114642560482025 69199
1691678846813 0.009005038999021053 69249
1691678846909 0.02840227261185646 69299
1691678847006 0.04582662880420685 69349
1691678847102 0.08263859897851944 69399
1691678847199 0.037783559411764145 69449
1691678847295 0.04235580936074257 69499
1691678847391 0.031134439632296562 69549
1691678847486 0.02958226576447487 69599
1691678847582 0.03686109930276871 69649
1691678847678 0.040508903563022614 69699
1691678847774 0.03993505612015724 69749
1691678847870 0.05395505577325821 69799
1691678847966 0.053740303963422775 69849
1691678848062 0.03927468881011009 69899
1691678848157 0.07218106836080551 69949
1691678848257 0.05211634561419487 69999
1691678848356 0.04117102548480034 70049
1691678848452 0.0418512187898159 70099
1691678848547 0.04961034655570984 70149
1691678848643 0.07144986093044281 70199
1691678848738 0.0724634975194931 70249
1691678848834 0.029573116451501846 70299
1691678848932 0.05541621148586273 70349
1691678849032 0.05205456167459488 70399
1691678849128 0.04826439544558525 70449
1691678849224 0.05151347070932388 70499
1691678849319 0.024934859946370125 70549
1691678849415 0.03617267683148384 70599
1691678849511 0.02880965918302536 70649
1691678849606 0.03730053827166557 70699
1691678849703 0.03397354111075401 70749
1691678849799 0.05988527834415436 70799
1691678849894 0.06094716489315033 70849
1691678849992 0.04097393900156021 70899
1691678850094 0.029599247500300407 70949
1691678850191 0.04853199049830437 70999
1691678850290 0.024431483820080757 71049
1691678850387 0.04366940259933472 71099
1691678850484 0.016401667147874832 71149
1691678850581 0.08417784422636032 71199
1691678850677 0.04377330467104912 71249
1691678850773 0.0813683345913887 71299
1691678850870 0.025918181985616684 71349
1691678850966 0.036085549741983414 71399
1691678851062 0.07193960249423981 71449
1691678851158 0.008011569269001484 71499
1691678851254 0.06838219612836838 71549
1691678851349 0.04385259002447128 71599
1691678851445 0.05218266323208809 71649
1691678851541 0.040331095457077026 71699
1691678851637 0.023725081235170364 71749
1691678851732 0.03972174972295761 71799
1691678851829 0.05337738245725632 71849
1691678851924 0.04014885053038597 71899
1691678852021 0.04253792017698288 71949
1691678852117 0.047989390790462494 71999
1691678852215 0.05985194072127342 72049
1691678852312 0.025832943618297577 72099
1691678852408 0.038446541875600815 72149
1691678852504 0.021650969982147217 72199
1691678852601 0.017785565927624702 72249
1691678852697 0.02820485085248947 72299
1691678852792 0.02269798330962658 72349
1691678852889 0.03839215263724327 72399
1691678852985 0.07402943074703217 72449
1691678853081 0.049763843417167664 72499
1691678853177 0.026273250579833984 72549
1691678853274 0.03807882219552994 72599
1691678853370 0.012321213260293007 72649
1691678853466 0.04288891330361366 72699
1691678853563 0.05911949649453163 72749
1691678853659 0.03797665238380432 72799
1691678853755 0.031105011701583862 72849
1691678853851 0.04609453305602074 72899
1691678853948 0.08476591855287552 72949
1691678854044 0.05683644860982895 72999
1691678854140 0.04869864881038666 73049
1691678854236 0.04700668528676033 73099
1691678854333 0.031008809804916382 73149
1691678854429 0.01953062228858471 73199
1691678854525 0.012075241655111313 73249
1691678854622 0.06413603574037552 73299
1691678854718 0.04510922729969025 73349
1691678854814 0.012822204269468784 73399
1691678854910 0.03725828975439072 73449
1691678855006 0.029939325526356697 73499
1691678855102 0.04555242881178856 73549
1691678855198 0.03392137587070465 73599
1691678855296 0.009440290741622448 73649
1691678855392 0.03643174096941948 73699
1691678855488 0.04174215346574783 73749
1691678855585 0.03995675966143608 73799
1691678855681 0.016865842044353485 73849
1691678855778 0.05534645915031433 73899
1691678855875 0.0526912547647953 73949
1691678855971 0.024070922285318375 73999
1691678856068 0.045051731169223785 74049
1691678856164 0.04753654822707176 74099
1691678856262 0.055778179317712784 74149
1691678856359 0.028650915250182152 74199
1691678856455 0.08894982188940048 74249
1691678856551 0.01675834320485592 74299
1691678856648 0.03106416016817093 74349
1691678856745 0.05325239524245262 74399
1691678856841 0.023878058418631554 74449
1691678856941 0.0364404171705246 74499
1691678857036 0.037547070533037186 74549
1691678857132 0.02208247408270836 74599
1691678857229 0.025363454595208168 74649
1691678857325 0.02076672576367855 74699
1691678857421 0.04335302114486694 74749
1691678857517 0.03412030264735222 74799
1691678857612 0.036248523741960526 74849
1691678857707 0.059206523001194 74899
1691678857803 0.03533192351460457 74949
1691678857901 0.039606016129255295 74999
1691678858000 0.036113761365413666 75049
1691678858098 0.03647585213184357 75099
1691678858197 0.09623120725154877 75149
1691678858295 0.030511071905493736 75199
1691678858394 0.028397228568792343 75249
1691678858493 0.03949928283691406 75299
1691678858593 0.02958235889673233 75349
1691678858690 0.024805573746562004 75399
1691678858786 0.05996868386864662 75449
1691678858883 0.04880845174193382 75499
1691678858979 0.030343072488904 75549
1691678859075 0.06578164547681808 75599
1691678859171 0.03617621213197708 75649
1691678859266 0.02644185535609722 75699
1691678859362 0.06457651406526566 75749
1691678859458 0.012857035733759403 75799
1691678859554 0.04493766278028488 75849
1691678859650 0.04880829527974129 75899
1691678859746 0.048937391489744186 75949
1691678859842 0.06434667855501175 75999
1691678859938 0.027178972959518433 76049
1691678860034 0.010003408417105675 76099
1691678860130 0.03607975319027901 76149
1691678860226 0.05744282528758049 76199
1691678860322 0.03527826443314552 76249
1691678860418 0.031967975199222565 76299
1691678860514 0.0708518698811531 76349
1691678860611 0.03727784752845764 76399
1691678860707 0.06246776878833771 76449
1691678860803 0.04684434458613396 76499
1691678860899 0.028990350663661957 76549
1691678860995 0.057424936443567276 76599
1691678861090 0.01210237480700016 76649
1691678861186 0.03491494059562683 76699
1691678861281 0.04783598333597183 76749
1691678861377 0.030522115528583527 76799
1691678861473 0.04820479452610016 76849
1691678861569 0.05054745450615883 76899
1691678861664 0.023031452670693398 76949
1691678861760 0.03567313030362129 76999
1691678861856 0.04949961230158806 77049
1691678861952 0.07062394917011261 77099
1691678862048 0.04199960082769394 77149
1691678862144 0.06526250392198563 77199
1691678862241 0.05707383155822754 77249
1691678862336 0.06703945249319077 77299
1691678862433 0.04530852660536766 77349
1691678862529 0.025414597243070602 77399
1691678862628 0.04162361100316048 77449
1691678862725 0.029360322281718254 77499
1691678862821 0.03957787901163101 77549
1691678862918 0.03393890708684921 77599
1691678863014 0.012607879936695099 77649
1691678863110 0.038297589868307114 77699
1691678863207 0.041987691074609756 77749
1691678863303 0.051573704928159714 77799
1691678863398 0.03728245943784714 77849
1691678863494 0.015825286507606506 77899
1691678863590 0.04675554484128952 77949
1691678863686 0.034799426794052124 77999
1691678863782 0.03416018933057785 78049
1691678863878 0.008893167600035667 78099
1691678863974 0.053481325507164 78149
1691678864070 0.038974180817604065 78199
1691678864166 0.028630899265408516 78249
1691678864262 0.043271273374557495 78299
1691678864358 0.04173377901315689 78349
1691678864454 0.02585102617740631 78399
1691678864550 0.06009633094072342 78449
1691678864646 0.03599430248141289 78499
1691678864742 0.014547282829880714 78549
1691678864838 0.05060034245252609 78599
1691678864933 0.03277567774057388 78649
1691678865029 0.009224549867212772 78699
1691678865126 0.04646414890885353 78749
1691678865222 0.050435345619916916 78799
1691678865319 0.0061705331318080425 78849
1691678865418 0.03073388710618019 78899
1691678865515 0.02781425602734089 78949
1691678865612 0.02810405008494854 78999
1691678865709 0.04054175689816475 79049
1691678865806 0.03512876480817795 79099
1691678865901 0.06274459511041641 79149
1691678865997 0.011619217693805695 79199
1691678866093 0.0319523848593235 79249
1691678866188 0.05166132375597954 79299
1691678866284 0.03456219658255577 79349
1691678866380 0.07420001924037933 79399
1691678866475 0.027961716055870056 79449
1691678866572 0.07387952506542206 79499
1691678866667 0.04345233365893364 79549
1691678866763 0.04372869059443474 79599
1691678866857 0.016666334122419357 79649
1691678866951 0.02877381071448326 79699
1691678867044 0.01244552992284298 79749
1691678867137 0.029560863971710205 79799
1691678867230 0.02420099824666977 79849
1691678867323 0.07174388319253922 79899
1691678867417 0.032507847994565964 79949
1691678867511 0.025509685277938843 79999
1691678867604 0.02766900137066841 80049
1691678867697 0.0435667410492897 80099
1691678867790 0.030865496024489403 80149
1691678867884 0.04045099392533302 80199
1691678867977 0.054121192544698715 80249
1691678868070 0.013335585594177246 80299
1691678868163 0.04361731559038162 80349
1691678868256 0.07828240096569061 80399
1691678868348 0.0455746166408062 80449
1691678868441 0.08844443410634995 80499
1691678868534 0.044892773032188416 80549
1691678868628 0.0316351093351841 80599
1691678868720 0.05863566696643829 80649
1691678868813 0.062218159437179565 80699
1691678868906 0.03813851997256279 80749
1691678868999 0.03879925608634949 80799
1691678869092 0.05170649662613869 80849
1691678869184 0.014422107487916946 80899
1691678869277 0.03582208976149559 80949
1691678869369 0.07082144916057587 80999
1691678869462 0.03231114521622658 81049
1691678869555 0.0731300413608551 81099
1691678869647 0.018978634849190712 81149
1691678869738 0.037768084555864334 81199
1691678869833 0.06967946141958237 81249
1691678869929 0.01757117547094822 81299
1691678870025 0.013418368995189667 81349
1691678870120 0.057989995926618576 81399
1691678870215 0.013303357176482677 81449
1691678870310 0.02484695054590702 81499
1691678870405 0.0203349981456995 81549
1691678870500 0.010571136139333248 81599
1691678870595 0.049780622124671936 81649
1691678870691 0.038545720279216766 81699
1691678870785 0.05159689486026764 81749
1691678870881 0.03415417671203613 81799
1691678870976 0.03783850371837616 81849
1691678871071 0.006146969273686409 81899
1691678871166 0.06672702729701996 81949
1691678871262 0.032674986869096756 81999
1691678871357 0.050969306379556656 82049
1691678871453 0.061763256788253784 82099
1691678871546 0.04736878722906113 82149
1691678871639 0.032129768282175064 82199
1691678871732 0.058971308171749115 82249
1691678871826 0.02812981978058815 82299
1691678871919 0.03241406008601189 82349
1691678872012 0.05097983032464981 82399
1691678872105 0.014812364242970943 82449
1691678872197 0.029125837609171867 82499
1691678872291 0.03747960180044174 82549
1691678872383 0.039767734706401825 82599
1691678872476 0.05224078893661499 82649
1691678872569 0.03613373264670372 82699
1691678872665 0.07542247325181961 82749
1691678872757 0.04128862917423248 82799
1691678872859 0.012233917601406574 82849
1691678872954 0.03768110275268555 82899
1691678873047 0.0758364349603653 82949
1691678873140 0.06878161430358887 82999
1691678873233 0.033553607761859894 83049
1691678873326 0.05508287623524666 83099
1691678873419 0.03997669368982315 83149
1691678873512 0.04283652454614639 83199
1691678873608 0.04053231701254845 83249
1691678873703 0.048453398048877716 83299
1691678873798 0.04455043748021126 83349
1691678873893 0.04977743327617645 83399
1691678873988 0.025802137330174446 83449
1691678874083 0.03367863968014717 83499
1691678874178 0.040178559720516205 83549
1691678874272 0.030313072726130486 83599
1691678874367 0.04322799667716026 83649
1691678874462 0.009658321738243103 83699
1691678874558 0.04351978376507759 83749
1691678874653 0.032260358333587646 83799
1691678874749 0.039650313556194305 83849
1691678874845 0.03711225464940071 83899
1691678874938 0.03503217548131943 83949
1691678875031 0.03031940758228302 83999
1691678875124 0.06603687256574631 84049
1691678875216 0.03627142682671547 84099
1691678875310 0.0340290367603302 84149
1691678875404 0.05718909204006195 84199
1691678875497 0.03697711601853371 84249
1691678875590 0.06935286521911621 84299
1691678875684 0.049203891307115555 84349
1691678875777 0.04334145039319992 84399
1691678875871 0.04275336489081383 84449
1691678875964 0.059849269688129425 84499
1691678876058 0.027082547545433044 84549
1691678876151 0.05212707445025444 84599
1691678876244 0.03413550183176994 84649
1691678876337 0.04121510311961174 84699
1691678876431 0.054135389626026154 84749
1691678876524 0.03757563978433609 84799
1691678876618 0.05210307240486145 84849
1691678876715 0.036046236753463745 84899
1691678876809 0.03269721940159798 84949
1691678876904 0.024324212223291397 84999
1691678876998 0.03839070722460747 85049
1691678877092 0.04048642888665199 85099
1691678877185 0.014600944705307484 85149
1691678877278 0.049817729741334915 85199
1691678877371 0.034178003668785095 85249
1691678877464 0.05014045909047127 85299
1691678877556 0.033399615436792374 85349
1691678877649 0.02012791484594345 85399
1691678877745 0.012842349708080292 85449
1691678877839 0.03655308857560158 85499
1691678877933 0.05035504326224327 85549
1691678878026 0.03267766535282135 85599
1691678878120 0.046609681099653244 85649
1691678878213 0.056816466152668 85699
1691678878306 0.030198249965906143 85749
1691678878400 0.05239390209317207 85799
1691678878494 0.02687556855380535 85849
1691678878587 0.032556112855672836 85899
1691678878681 0.03374820575118065 85949
1691678878775 0.04361315071582794 85999
1691678878869 0.021696168929338455 86049
1691678878963 0.0115191750228405 86099
1691678879056 0.021260324865579605 86149
1691678879150 0.044038400053977966 86199
1691678879243 0.02702496387064457 86249
1691678879337 0.03787388652563095 86299
1691678879431 0.06671171635389328 86349
1691678879524 0.0369379036128521 86399
1691678879617 0.04000360891222954 86449
1691678879710 0.025841135531663895 86499
1691678879804 0.010927283205091953 86549
1691678879897 0.03483390808105469 86599
1691678879989 0.050757765769958496 86649
1691678880082 0.029172740876674652 86699
1691678880176 0.03361029550433159 86749
1691678880269 0.007723733317106962 86799
1691678880362 0.06590694934129715 86849
1691678880456 0.06789374351501465 86899
1691678880549 0.04958111420273781 86949
1691678880642 0.0443854033946991 86999
1691678880736 0.057372935116291046 87049
1691678880830 0.043128594756126404 87099
1691678880923 0.06988674402236938 87149
1691678881016 0.04236321151256561 87199
1691678881109 0.06771215796470642 87249
1691678881202 0.038714174181222916 87299
1691678881296 0.07341796159744263 87349
1691678881389 0.030152611434459686 87399
1691678881482 0.03133732080459595 87449
1691678881575 0.04893292486667633 87499
1691678881667 0.04069533199071884 87549
1691678881761 0.044813137501478195 87599
1691678881854 0.039100971072912216 87649
1691678881948 0.04593272507190704 87699
1691678882041 0.04013846442103386 87749
1691678882134 0.03634081780910492 87799
1691678882228 0.031470365822315216 87849
1691678882321 0.051891129463911057 87899
1691678882414 0.09518202394247055 87949
1691678882507 0.06249796599149704 87999
1691678882602 0.029690269380807877 88049
1691678882698 0.06272069364786148 88099
1691678882814 0.030513549223542213 88149
1691678882911 0.038215748965740204 88199
1691678883007 0.027577418833971024 88249
1691678883104 0.009577799588441849 88299
1691678883200 0.052646514028310776 88349
1691678883295 0.038388028740882874 88399
1691678883391 0.04003158211708069 88449
1691678883486 0.05272034928202629 88499
1691678883581 0.035066451877355576 88549
1691678883677 0.03360911086201668 88599
1691678883773 0.0211036317050457 88649
1691678883869 0.09309976547956467 88699
1691678883965 0.0418098047375679 88749
1691678884060 0.035624176263809204 88799
1691678884156 0.031080937013030052 88849
1691678884251 0.05624011158943176 88899
1691678884345 0.04599406197667122 88949
1691678884441 0.015495256520807743 88999
1691678884536 0.041127029806375504 89049
1691678884633 0.045623525977134705 89099
1691678884729 0.03748174384236336 89149
1691678884825 0.02619481086730957 89199
1691678884921 0.07280777394771576 89249
1691678885017 0.028946250677108765 89299
1691678885113 0.08135753124952316 89349
1691678885209 0.030665621161460876 89399
1691678885305 0.008528953418135643 89449
1691678885435 0.022166142240166664 89499
1691678885529 0.05340190231800079 89549
1691678885623 0.07102594524621964 89599
1691678885716 0.037888940423727036 89649
1691678885810 0.01555449329316616 89699
1691678885906 0.029591279104351997 89749
1691678886002 0.04562755301594734 89799
1691678886098 0.0341482050716877 89849
1691678886193 0.014756613411009312 89899
1691678886288 0.04376202076673508 89949
1691678886384 0.040402691811323166 89999
1691678886480 0.016819661483168602 90049
1691678886576 0.01978803426027298 90099
1691678886672 0.029462259262800217 90149
1691678886767 0.04651099815964699 90199
1691678886863 0.03563445433974266 90249
1691678886959 0.030070338398218155 90299
1691678887056 0.016684992238879204 90349
1691678887151 0.06155812740325928 90399
1691678887247 0.046887677162885666 90449
1691678887342 0.03261313959956169 90499
1691678887438 0.06559781730175018 90549
1691678887534 0.06544847041368484 90599
1691678887629 0.03902934864163399 90649
1691678887726 0.048430413007736206 90699
1691678887838 0.04655975103378296 90749
1691678887935 0.058570705354213715 90799
1691678888030 0.08462757617235184 90849
1691678888126 0.029092315584421158 90899
1691678888222 0.0534508153796196 90949
1691678888315 0.07218841463327408 90999
1691678888409 0.04011521115899086 91049
1691678888503 0.06399597227573395 91099
1691678888597 0.04739650338888168 91149
1691678888692 0.06305839866399765 91199
1691678888786 0.056212637573480606 91249
1691678888880 0.014086640439927578 91299
1691678888977 0.056276701390743256 91349
1691678889072 0.035862989723682404 91399
1691678889165 0.03741354122757912 91449
1691678889259 0.056605394929647446 91499
1691678889353 0.009496229700744152 91549
1691678889447 0.03178379312157631 91599
1691678889541 0.056233279407024384 91649
1691678889634 0.029348937794566154 91699
1691678889728 0.03494792804121971 91749
1691678889823 0.008273289538919926 91799
1691678889919 0.055766455829143524 91849
1691678890014 0.07500733435153961 91899
1691678890109 0.04953717067837715 91949
1691678890204 0.05077304691076279 91999
1691678890300 0.017941618338227272 92049
1691678890395 0.030506303533911705 92099
1691678890490 0.025102609768509865 92149
1691678890585 0.00541514391079545 92199
1691678890680 0.029682166874408722 92249
1691678890775 0.05244499072432518 92299
1691678890869 0.02708880789577961 92349
1691678890962 0.0270889550447464 92399
1691678891056 0.04353639483451843 92449
1691678891150 0.03874034062027931 92499
1691678891244 0.04259730875492096 92549
1691678891338 0.02214326150715351 92599
1691678891433 0.04114413261413574 92649
1691678891527 0.03441742807626724 92699
1691678891621 0.025458374992012978 92749
1691678891715 0.06361605226993561 92799
1691678891809 0.040237925946712494 92849
1691678891903 0.05274355039000511 92899
1691678891997 0.051349885761737823 92949
1691678892091 0.03988299146294594 92999
1691678892185 0.061366964131593704 93049
1691678892279 0.012565037235617638 93099
1691678892373 0.03850512206554413 93149
1691678892467 0.06221272051334381 93199
1691678892561 0.04802204668521881 93249
1691678892655 0.041021354496479034 93299
1691678892749 0.018754350021481514 93349
1691678892847 0.06821628659963608 93399
1691678892941 0.03356301784515381 93449
1691678893035 0.03253848850727081 93499
1691678893129 0.031125754117965698 93549
1691678893223 0.06182394176721573 93599
1691678893317 0.03959621489048004 93649
1691678893411 0.03493890166282654 93699
1691678893504 0.03926149010658264 93749
1691678893599 0.047323957085609436 93799
1691678893695 0.029269834980368614 93849
1691678893791 0.0362655445933342 93899
1691678893887 0.01870020106434822 93949
1691678893983 0.06264842301607132 93999
1691678894079 0.011049505323171616 94049
1691678894176 0.07953634113073349 94099
1691678894271 0.050464384257793427 94149
1691678894367 0.034161277115345 94199
1691678894464 0.017505506053566933 94249
1691678894559 0.06330813467502594 94299
1691678894656 0.02926362305879593 94349
1691678894752 0.024207504466176033 94399
1691678894848 0.04504726454615593 94449
1691678894944 0.053791340440511703 94499
1691678895040 0.06013575568795204 94549
1691678895136 0.08428631722927094 94599
1691678895232 0.04067761451005936 94649
1691678895328 0.031032411381602287 94699
1691678895424 0.035248883068561554 94749
1691678895519 0.04929815232753754 94799
1691678895615 0.028631074354052544 94849
1691678895711 0.02752111665904522 94899
1691678895807 0.06517355889081955 94949
1691678895902 0.04173002392053604 94999
1691678895997 0.03606712818145752 95049
1691678896092 0.03555908799171448 95099
1691678896187 0.05643866956233978 95149
1691678896282 0.012199481949210167 95199
1691678896376 0.0401003435254097 95249
1691678896471 0.03953425586223602 95299
1691678896566 0.03909808769822121 95349
1691678896661 0.03846314549446106 95399
1691678896756 0.033491797745227814 95449
1691678896851 0.04153299331665039 95499
1691678896946 0.032917629927396774 95549
1691678897041 0.057218682020902634 95599
1691678897136 0.03759605064988136 95649
1691678897231 0.02948545292019844 95699
1691678897326 0.04559719190001488 95749
1691678897421 0.04672747477889061 95799
1691678897515 0.04106316342949867 95849
1691678897610 0.05280546098947525 95899
1691678897705 0.05718209594488144 95949
1691678897800 0.04285413771867752 95999
1691678907497 0.04175713658332825 96049
1691678907591 0.033972352743148804 96099
1691678907686 0.01356650609523058 96149
1691678907781 0.03811705857515335 96199
1691678907877 0.05412628501653671 96249
1691678907974 0.03589979559183121 96299
1691678908071 0.03653963282704353 96349
1691678908171 0.03377804905176163 96399
1691678908269 0.052994366735219955 96449
1691678908375 0.03802037984132767 96499
1691678908472 0.012843236327171326 96549
1691678908569 0.03814997524023056 96599
1691678908664 0.03621016815304756 96649
1691678908760 0.041520074009895325 96699
1691678908856 0.0831095427274704 96749
1691678908953 0.03776929900050163 96799
1691678909049 0.031582798808813095 96849
1691678909145 0.04814983159303665 96899
1691678909243 0.047469303011894226 96949
1691678909341 0.03771836683154106 96999
1691678909437 0.06258474290370941 97049
1691678909536 0.02474106103181839 97099
1691678909635 0.03363620489835739 97149
1691678909733 0.044390998780727386 97199
1691678909831 0.04296001046895981 97249
1691678909929 0.037054888904094696 97299
1691678910028 0.05573279410600662 97349
1691678910126 0.036905672401189804 97399
1691678910225 0.03935755416750908 97449
1691678910323 0.04526394233107567 97499
