1691678921643 0 49
1691678921737 0 99
1691678921831 0 149
1691678921925 0 199
1691678922019 0 249
1691678922114 0 299
1691678922208 0 349
1691678922302 0 399
1691678922398 0 449
1691678922491 0 499
1691678922585 0 549
1691678922680 0 599
1691678922775 0 649
1691678922868 0 699
1691678922962 0 749
1691678923056 0 799
1691678923150 0 849
1691678923244 0 899
1691678923337 0 949
1691678923431 0 999
1691678923524 0 1049
1691678923617 0 1099
1691678923710 0 1149
1691678923803 0 1199
1691678923896 0 1249
1691678923991 0 1299
1691678924084 0 1349
1691678924177 0 1399
1691678924271 0 1449
1691678924364 0 1499
1691678924458 0 1549
1691678924551 0 1599
1691678924645 0 1649
1691678924738 0 1699
1691678924832 0 1749
1691678924925 0 1799
1691678925020 0 1849
1691678925113 0 1899
1691678925206 0 1949
1691678925299 0 1999
1691678925392 0 2049
1691678925486 0 2099
1691678925579 0 2149
1691678925676 0 2199
1691678925769 0 2249
1691678925862 0 2299
1691678925956 0 2349
1691678926050 0 2399
1691678926144 0 2449
1691678926237 0 2499
1691678926330 0 2549
1691678926424 0 2599
1691678926517 0 2649
1691678926611 0 2699
1691678926705 0 2749
1691678926799 0 2799
1691678926892 0 2849
1691678926986 0 2899
1691678927079 0 2949
1691678927172 0 2999
1691678927266 0 3049
1691678927360 0 3099
1691678927453 0 3149
1691678927546 0 3199
1691678927640 0 3249
1691678927733 0 3299
1691678927827 0 3349
1691678927920 0 3399
1691678928014 0 3449
1691678928108 0 3499
1691678928201 0 3549
1691678928295 0 3599
1691678928389 0 3649
1691678928482 0 3699
1691678928576 0 3749
1691678928669 0 3799
1691678928762 0 3849
1691678928856 0 3899
1691678928951 0 3949
1691678929044 0 3999
1691678929138 0 4049
1691678929231 0 4099
1691678929325 0 4149
1691678929419 0 4199
1691678929512 0 4249
1691678929606 0 4299
1691678929699 0 4349
1691678929793 0 4399
1691678929887 0 4449
1691678929982 0 4499
1691678930077 0 4549
1691678930171 0 4599
1691678930265 0 4649
1691678930360 0 4699
1691678930455 0 4749
1691678930551 0 4799
1691678930647 0 4849
1691678930763 0 4899
1691678930859 0 4949
1691678930954 0 4999
1691678931049 0 5049
1691678931144 0 5099
1691678931239 0 5149
1691678931335 0 5199
1691678931429 0 5249
1691678931524 0 5299
1691678931619 0 5349
1691678931714 0 5399
1691678931810 0 5449
1691678931905 0 5499
1691678932001 0 5549
1691678932096 0 5599
1691678932192 0 5649
1691678932287 0 5699
1691678932383 0 5749
1691678932477 0 5799
1691678932573 0 5849
1691678932668 0 5899
1691678932764 0 5949
1691678932859 0 5999
1691678932954 0 6049
1691678933049 0 6099
1691678933144 0 6149
1691678933239 0 6199
1691678933334 0 6249
1691678933429 0 6299
1691678933524 0 6349
1691678933618 0 6399
1691678933713 0 6449
1691678933808 0 6499
1691678933903 0 6549
1691678934000 0 6599
1691678934095 0 6649
1691678934190 0 6699
1691678934285 0 6749
1691678934380 0 6799
1691678934474 0 6849
1691678934569 0 6899
1691678934664 0 6949
1691678934759 0 6999
1691678934855 0 7049
1691678934950 0 7099
1691678935046 0 7149
1691678935141 0 7199
1691678935236 0 7249
1691678935331 0 7299
1691678935425 0 7349
1691678935520 0 7399
1691678935615 0 7449
1691678935711 0 7499
1691678935827 0 7549
1691678935923 0 7599
1691678936019 0 7649
1691678936114 0 7699
1691678936209 0 7749
1691678936306 0 7799
1691678936402 0 7849
1691678936497 0 7899
1691678936592 0 7949
1691678936687 0 7999
1691678936782 0 8049
1691678936877 0 8099
1691678936973 0 8149
1691678937069 0 8199
1691678937164 0 8249
1691678937259 0 8299
1691678937355 0 8349
1691678937450 0 8399
1691678937545 0 8449
1691678937643 0 8499
1691678937738 0 8549
1691678937836 0 8599
1691678937934 0 8649
1691678938030 0 8699
1691678938126 0 8749
1691678938221 0 8799
1691678938317 0 8849
1691678938411 0 8899
1691678938506 0 8949
1691678938600 0 8999
1691678938695 0 9049
1691678938791 0 9099
1691678938887 0 9149
1691678938984 0 9199
1691678939079 0 9249
1691678939175 0 9299
1691678939271 0 9349
1691678939366 0 9399
1691678939462 0 9449
1691678939558 0 9499
1691678939653 0 9549
1691678939749 0 9599
1691678939844 0 9649
1691678939940 0 9699
1691678940036 0 9749
1691678940132 0 9799
1691678940228 0 9849
1691678940324 0 9899
1691678940420 0 9949
1691678940515 0 9999
1691678940611 0 10049
1691678940706 0 10099
1691678940802 0 10149
1691678940900 0 10199
1691678940996 0 10249
1691678941092 0 10299
1691678941187 0 10349
1691678941283 0 10399
1691678941380 0 10449
1691678941476 0 10499
1691678941571 0 10549
1691678941666 0 10599
1691678941761 0 10649
1691678941855 0 10699
1691678941950 0 10749
1691678942045 0 10799
1691678942139 0 10849
1691678942234 0 10899
1691678942330 0 10949
1691678942425 0 10999
1691678942521 0 11049
1691678942616 0 11099
1691678942710 0 11149
1691678942806 0 11199
1691678942901 0 11249
1691678942997 0 11299
1691678943093 0 11349
1691678943188 0 11399
1691678943284 0 11449
1691678943380 0 11499
1691678943476 0 11549
1691678943571 0 11599
1691678943667 0 11649
1691678943762 0 11699
1691678943858 0 11749
1691678943955 0 11799
1691678944050 0 11849
1691678944146 0 11899
1691678944242 0 11949
1691678944338 0 11999
1691678944434 0 12049
1691678944530 0 12099
1691678944626 0 12149
1691678944721 0 12199
1691678944816 0 12249
1691678944913 0 12299
1691678945009 0 12349
1691678945105 0 12399
1691678945200 0 12449
1691678945296 0 12499
1691678945392 0 12549
1691678945488 0 12599
1691678945584 0 12649
1691678945679 0 12699
1691678945775 0 12749
1691678945870 0 12799
1691678945987 0 12849
1691678946083 0 12899
1691678946178 0 12949
1691678946274 0 12999
1691678946369 0 13049
1691678946465 0 13099
1691678946561 0 13149
1691678946657 0 13199
1691678946752 0 13249
1691678946847 0 13299
1691678946943 0 13349
1691678947039 0 13399
1691678947134 0 13449
1691678947230 0 13499
1691678947326 0 13549
1691678947421 0 13599
1691678947517 0 13649
1691678947613 0 13699
1691678947708 0 13749
1691678947804 0 13799
1691678947902 0 13849
1691678947998 0 13899
1691678948094 0 13949
1691678948189 0 13999
1691678948285 0 14049
1691678948381 0 14099
1691678948476 0 14149
1691678948572 0 14199
1691678948668 0 14249
1691678948764 0 14299
1691678948860 0 14349
1691678948956 0 14399
1691678949052 0 14449
1691678949148 0 14499
1691678949242 0 14549
1691678949335 0 14599
1691678949428 0 14649
1691678949521 0 14699
1691678949614 0 14749
1691678949706 0 14799
1691678949799 0 14849
1691678949894 0 14899
1691678949988 0 14949
1691678950081 0 14999
1691678950175 0 15049
1691678950268 0 15099
1691678950361 0 15149
1691678950455 0 15199
1691678950548 0 15249
1691678950641 0 15299
1691678950734 0 15349
1691678950827 0 15399
1691678950920 0 15449
1691678951016 0 15499
1691678951111 0 15549
1691678951204 0 15599
1691678951297 0 15649
1691678951390 0 15699
1691678951483 0 15749
1691678951576 0 15799
1691678951668 0 15849
1691678951762 0 15899
1691678951855 0 15949
1691678951948 0 15999
1691678952041 0 16049
1691678952134 0 16099
1691678952227 0 16149
1691678952320 0 16199
1691678952413 0 16249
1691678952506 0 16299
1691678952600 0 16349
1691678952694 0 16399
1691678952787 0 16449
1691678952879 0 16499
1691678952972 0 16549
1691678953065 0 16599
1691678953157 0 16649
1691678953250 0 16699
1691678953344 0 16749
1691678953436 0 16799
1691678953529 0 16849
1691678953625 0 16899
1691678953720 0 16949
1691678953812 0 16999
1691678953905 0 17049
1691678953999 0 17099
1691678954092 0 17149
1691678954184 0 17199
1691678954276 0 17249
1691678954369 0 17299
1691678954462 0 17349
1691678954554 0 17399
1691678954648 0 17449
1691678954742 0 17499
1691678954835 0 17549
1691678954929 0 17599
1691678955024 0 17649
1691678955119 0 17699
1691678955212 0 17749
1691678955304 0 17799
1691678955396 0 17849
1691678955489 0 17899
1691678955581 0 17949
1691678955674 0 17999
1691678955767 0 18049
1691678955860 0 18099
1691678955953 0 18149
1691678956049 0 18199
1691678956142 0 18249
1691678956234 0 18299
1691678956327 0 18349
1691678956420 0 18399
1691678956513 0 18449
1691678956606 0 18499
1691678956699 0 18549
1691678956792 0 18599
1691678956885 0 18649
1691678956978 0 18699
1691678957071 0 18749
1691678957164 0 18799
1691678957258 0 18849
1691678957350 0 18899
1691678957443 0 18949
1691678957536 0 18999
1691678957629 0 19049
1691678957722 0 19099
1691678957814 0 19149
1691678957907 0 19199
1691678958000 0 19249
1691678958093 0 19299
1691678958186 0 19349
1691678958279 0 19399
1691678958372 0 19449
1691678958465 0 19499
1691678958558 0 19549
1691678958652 0 19599
1691678958746 0 19649
1691678958839 0 19699
1691678958933 0 19749
1691678959027 0 19799
1691678959120 0 19849
1691678959213 0 19899
1691678959306 0 19949
1691678959400 0 19999
1691678959492 0 20049
1691678959585 0 20099
1691678959679 0 20149
1691678959772 0 20199
1691678959865 0 20249
1691678959959 0 20299
1691678960052 0 20349
1691678960145 0 20399
1691678960238 0 20449
1691678960332 0 20499
1691678960425 0 20549
1691678960518 0 20599
1691678960611 0 20649
1691678960705 0 20699
1691678960800 0 20749
1691678960894 0 20799
1691678960989 0 20849
1691678961086 0 20899
1691678961181 0 20949
1691678961275 0 20999
1691678961370 0 21049
1691678961464 0 21099
1691678961558 0 21149
1691678961653 0 21199
1691678961747 0 21249
1691678961841 0 21299
1691678961935 0 21349
1691678962030 0 21399
1691678962126 0 21449
1691678962220 0 21499
1691678962315 0 21549
1691678962410 0 21599
1691678962504 0 21649
1691678962598 0 21699
1691678962693 0 21749
1691678963111 0 21799
1691678963207 0 21849
1691678963302 0 21899
1691678963397 0 21949
1691678963492 0 21999
1691678963587 0 22049
1691678963682 0 22099
1691678963777 0 22149
1691678963871 0 22199
1691678963968 0 22249
1691678964064 0 22299
1691678964161 0 22349
1691678964257 0 22399
1691678964354 0 22449
1691678964449 0 22499
1691678964545 0 22549
1691678964641 0 22599
1691678964737 0 22649
1691678964833 0 22699
1691678964929 0 22749
1691678965026 0 22799
1691678965122 0 22849
1691678965218 0 22899
1691678965313 0 22949
1691678965407 0 22999
1691678966140 0 23049
1691678966236 0 23099
1691678966328 0 23149
1691678966420 0 23199
1691678966512 0 23249
1691678966606 0 23299
1691678966702 0 23349
1691678966797 0 23399
1691678966894 0 23449
1691678966989 0 23499
1691678967084 0 23549
1691678967180 0 23599
1691678967276 0 23649
1691678967711 0 23699
1691678967813 0 23749
1691678967909 0 23799
1691678968005 0 23849
1691678968100 0 23899
1691678968196 0 23949
1691678968291 0 23999
1691678968387 0 24049
1691678968483 0 24099
1691678968579 0 24149
1691678968676 0 24199
1691678968772 0 24249
1691678968868 0 24299
1691678968965 0 24349
1691678969061 0 24399
1691678969157 0 24449
1691678969252 0 24499
1691678969348 0 24549
1691678969444 0 24599
1691678969540 0 24649
1691678969636 0 24699
1691678969730 0 24749
1691678969823 0 24799
1691678969919 0 24849
1691678970012 0 24899
1691678970105 0 24949
1691678970197 0 24999
1691678970289 0 25049
1691678970381 0 25099
1691678970473 0 25149
1691678970566 0 25199
1691678970658 0 25249
1691678970750 0 25299
1691678970842 0 25349
1691678970935 0 25399
1691678971027 0 25449
1691678971119 0 25499
1691678971209 0 25549
1691678971636 0 25599
1691678971728 0 25649
1691678971820 0 25699
1691678971913 0 25749
1691678972005 0 25799
1691678972097 0 25849
1691678972189 0 25899
1691678972281 0 25949
1691678972373 0 25999
1691678972465 0 26049
1691678972558 0 26099
1691678972650 0 26149
1691678972742 0 26199
1691678972834 0 26249
1691678972926 0 26299
1691678973019 0 26349
1691678973111 0 26399
1691678973203 0 26449
1691678973295 0 26499
1691678973388 0 26549
1691678973480 0 26599
1691678973573 0 26649
1691678973665 0 26699
1691678973757 0 26749
1691678973849 0 26799
1691678973942 0 26849
1691678974035 0 26899
1691678974127 0 26949
1691678974219 0 26999
1691678974311 0 27049
1691678974404 0 27099
1691678974496 0 27149
1691678974588 0 27199
1691678974680 0 27249
1691678974772 0 27299
1691678974864 0 27349
1691678974956 0 27399
1691678975048 0 27449
1691678975138 0 27499
1691678975667 0 27549
1691678975759 0 27599
1691678975852 0 27649
1691678975944 0 27699
1691678976036 0 27749
1691678976128 0 27799
1691678976220 0 27849
1691678976334 0 27899
1691678976426 0 27949
1691678976519 0 27999
1691678976611 0 28049
1691678976703 0 28099
1691678976795 0 28149
1691678976887 0 28199
1691678976980 0 28249
1691678977072 0 28299
1691678977164 0 28349
1691678977256 0 28399
1691678977348 0 28449
1691678977441 0 28499
1691678977533 0 28549
1691678977625 0 28599
1691678977717 0 28649
1691678977809 0 28699
1691678977901 0 28749
1691678977994 0 28799
1691678978086 0 28849
1691678978178 0 28899
1691678978270 0 28949
1691678978362 0 28999
1691678978455 0 29049
1691678978547 0 29099
1691678978639 0 29149
1691678978993 0 29199
1691678979089 0 29249
1691678979181 0 29299
1691678979273 0 29349
1691678979366 0 29399
1691678979458 0 29449
1691678979550 0 29499
1691678979642 0 29549
1691678979734 0 29599
1691678979826 0 29649
1691678979919 0 29699
1691678980013 0 29749
1691678980106 0 29799
1691678980200 0 29849
1691678980293 0 29899
1691678980387 0 29949
1691678980480 0 29999
1691678980573 0 30049
1691678980667 0 30099
1691678980760 0 30149
1691678980853 0 30199
1691678980946 0 30249
1691678981040 0 30299
1691678981134 0 30349
1691678981227 0 30399
1691678981340 0 30449
1691678981433 0 30499
1691678981526 0 30549
1691678981620 0 30599
1691678981713 0 30649
1691678981806 0 30699
1691678981899 0 30749
1691678981993 0 30799
1691678982086 0 30849
1691678982180 0 30899
1691678982275 0 30949
1691678982369 0 30999
1691678982464 0 31049
1691678982559 0 31099
1691678982653 0 31149
1691678982969 0 31199
1691678983063 0 31249
1691678983157 0 31299
1691678983252 0 31349
1691678983346 0 31399
1691678983440 0 31449
1691678983534 0 31499
1691678983628 0 31549
1691678983722 0 31599
1691678983817 0 31649
1691678983911 0 31699
1691678984477 0 31749
1691678984570 0 31799
1691678984665 0 31849
1691678984759 0 31899
1691678984854 0 31949
1691678984948 0 31999
1691678985043 0 32049
1691678985137 0 32099
1691678985233 0 32149
1691678985333 0 32199
1691678985429 0 32249
1691678985525 0 32299
1691678986048 0 32349
1691678986144 0 32399
1691678986239 0 32449
1691678986337 0 32499
1691678986433 0 32549
1691678986528 0 32599
1691678986623 0 32649
1691678986718 0 32699
1691678986814 0 32749
1691678986909 0 32799
1691678987004 0 32849
1691678987719 0 32899
1691678987821 0 32949
1691678987920 0 32999
1691678988018 0 33049
1691678988116 0 33099
1691678988214 0 33149
1691678988312 0 33199
1691678988407 0 33249
1691678988501 0 33299
1691678988595 0 33349
1691678988691 0 33399
1691678988786 0 33449
1691678988881 0 33499
1691678988978 0 33549
1691678989074 0 33599
1691678989170 0 33649
1691678989688 0 33699
1691678989783 0 33749
1691678989879 0 33799
1691678989975 0 33849
1691678990071 0 33899
1691678990167 0 33949
1691678990263 0 33999
1691678990360 0 34049
1691678990454 0 34099
1691678990547 0 34149
1691678990644 0 34199
1691678990741 0 34249
1691678990837 0 34299
1691678990932 0 34349
1691678991027 0 34399
1691678991122 0 34449
1691678991217 0 34499
1691678991312 0 34549
1691678991413 0 34599
1691678991511 0 34649
1691678991608 0 34699
1691678991703 0 34749
1691678992500 0 34799
1691678992598 0 34849
1691678992697 0 34899
1691678992795 0 34949
1691678992894 0 34999
1691678992991 0 35049
1691678993089 0 35099
1691678993188 0 35149
1691678993286 0 35199
1691678993384 0 35249
1691678993482 0 35299
1691678993581 0 35349
1691678993678 0 35399
1691678993775 0 35449
1691678993873 0 35499
1691678993974 0 35549
1691678994072 0 35599
1691678994170 0 35649
1691678994269 0 35699
1691678994368 0 35749
1691678994465 0 35799
1691678994563 0 35849
1691678994662 0 35899
1691678994761 0 35949
1691678994859 0 35999
1691678994958 0 36049
1691678995057 0 36099
1691678995154 0 36149
1691678995252 0 36199
1691678995350 0 36249
1691678995447 0 36299
1691678995546 0 36349
1691678995644 0 36399
1691678995741 0 36449
1691678995838 0 36499
1691678995936 0 36549
1691678996035 0 36599
1691678996133 0 36649
1691678996231 0 36699
1691678996330 0 36749
1691678996430 0 36799
1691678996528 0 36849
1691678996626 0 36899
1691678996724 0 36949
1691678996823 0 36999
1691678996921 0 37049
1691678997019 0 37099
1691678997117 0 37149
1691678997215 0 37199
1691678997314 0 37249
1691678997412 0 37299
1691678997511 0 37349
1691678997609 0 37399
1691678997707 0 37449
1691678997804 0 37499
1691678997900 0 37549
1691678997996 0 37599
1691678998092 0 37649
1691678998188 0 37699
1691678998283 0 37749
1691678998379 0 37799
1691678998474 0 37849
1691678998569 0 37899
1691678998665 0 37949
1691678998760 0 37999
1691678998856 0 38049
1691678998953 0 38099
1691678999049 0 38149
1691678999144 0 38199
1691678999239 0 38249
1691678999335 0 38299
1691678999431 0 38349
1691678999526 0 38399
1691678999621 0 38449
1691678999716 0 38499
1691678999811 0 38549
1691678999906 0 38599
1691679000283 0 38649
1691679000380 0 38699
1691679000476 0 38749
1691679000571 0 38799
1691679000667 0 38849
1691679000764 0 38899
1691679000859 0 38949
1691679000955 0 38999
1691679001050 0 39049
1691679001145 0 39099
1691679001241 0 39149
1691679001338 0 39199
1691679001437 0 39249
1691679001532 0 39299
1691679001629 0 39349
1691679001727 0 39399
1691679001823 0 39449
1691679001919 0 39499
1691679002015 0 39549
1691679002110 0 39599
1691679002206 0 39649
1691679002302 0 39699
1691679002398 0 39749
1691679002493 0 39799
1691679002589 0 39849
1691679002684 0 39899
1691679002779 0 39949
1691679002875 0 39999
1691679002970 0 40049
1691679003065 0 40099
1691679003161 0 40149
1691679003257 0 40199
1691679003353 0 40249
1691679003448 0 40299
1691679003543 0 40349
1691679003639 0 40399
1691679003734 0 40449
1691679003829 0 40499
1691679003925 0 40549
1691679004022 0 40599
1691679004117 0 40649
1691679004213 0 40699
1691679004309 0 40749
1691679004404 0 40799
1691679004500 0 40849
1691679004596 0 40899
1691679004691 0 40949
1691679004787 0 40999
1691679004883 0 41049
1691679004979 0 41099
1691679005075 0 41149
1691679005171 0 41199
1691679005268 0 41249
1691679005363 0 41299
1691679005459 0 41349
1691679005555 0 41399
1691679005650 0 41449
1691679005745 0 41499
1691679005840 0 41549
1691679005935 0 41599
1691679006029 0 41649
1691679006124 0 41699
1691679006220 0 41749
1691679006315 0 41799
1691679006411 0 41849
1691679006527 0 41899
1691679006623 0 41949
1691679006717 0 41999
1691679006811 0 42049
1691679006904 0 42099
1691679006998 0 42149
1691679007093 0 42199
1691679007185 0 42249
1691679007680 0 42299
1691679007775 0 42349
1691679007870 0 42399
1691679007966 0 42449
1691679008061 0 42499
1691679008156 0 42549
1691679008251 0 42599
1691679008347 0 42649
1691679008441 0 42699
1691679008536 0 42749
1691679008632 0 42799
1691679008727 0 42849
1691679008822 0 42899
1691679008919 0 42949
1691679009016 0 42999
1691679009112 0 43049
1691679009205 0 43099
1691679009299 0 43149
1691679009392 0 43199
1691679009486 0 43249
1691679009579 0 43299
1691679009672 0 43349
1691679009764 0 43399
1691679009858 0 43449
1691679009952 0 43499
1691679010045 0 43549
1691679010138 0 43599
1691679010231 0 43649
1691679010324 0 43699
1691679010416 0 43749
1691679010510 0 43799
1691679010603 0 43849
1691679010696 0 43899
1691679010790 0 43949
1691679010884 0 43999
1691679010977 0 44049
1691679011074 0 44099
1691679011173 0 44149
1691679011271 0 44199
1691679011369 0 44249
1691679011467 0 44299
1691679011569 0 44349
1691679011668 0 44399
1691679011767 0 44449
1691679011866 0 44499
1691679011964 0 44549
1691679012062 0 44599
1691679012161 0 44649
1691679012259 0 44699
1691679012357 0 44749
1691679012455 0 44799
1691679012553 0 44849
1691679012650 0 44899
1691679012749 0 44949
1691679012846 0 44999
1691679012944 0 45049
1691679013043 0 45099
1691679013141 0 45149
1691679013239 0 45199
1691679013337 0 45249
1691679013434 0 45299
1691679013532 0 45349
1691679013630 0 45399
1691679013727 0 45449
1691679013825 0 45499
1691679013924 0 45549
1691679014024 0 45599
1691679014123 0 45649
1691679014222 0 45699
1691679014320 0 45749
1691679014418 0 45799
1691679014516 0 45849
1691679014614 0 45899
1691679014713 0 45949
1691679014812 0 45999
1691679014911 0 46049
1691679015010 0 46099
1691679015107 0 46149
1691679015208 0 46199
1691679015306 0 46249
1691679015441 0 46299
1691679015536 0 46349
1691679015630 0 46399
1691679015726 0 46449
1691679015821 0 46499
1691679015917 0 46549
1691679016012 0 46599
1691679016107 0 46649
1691679016203 0 46699
1691679016298 0 46749
1691679016393 0 46799
1691679016488 0 46849
1691679016586 0 46899
1691679016682 0 46949
1691679016777 0 46999
1691679016873 0 47049
1691679016969 0 47099
1691679017064 0 47149
1691679017159 0 47199
1691679017254 0 47249
1691679017349 0 47299
1691679017444 0 47349
1691679017540 0 47399
1691679017635 0 47449
1691679017729 0 47499
1691679017824 0 47549
1691679017919 0 47599
1691679018015 0 47649
1691679018110 0 47699
1691679018205 0 47749
1691679018302 0 47799
1691679018400 0 47849
1691679018497 0 47899
1691679018595 0 47949
1691679018692 0 47999
1691679028682 0 47999
1691679028690 0 47999
