1691678921643 0.0828639343380928 49
1691678921737 0.05357405170798302 99
1691678921831 0.04491499066352844 149
1691678921925 0.044250018894672394 199
1691678922019 0.07321346551179886 249
1691678922114 0.05735120549798012 299
1691678922208 0.05292043834924698 349
1691678922302 0.053605228662490845 399
1691678922398 0.11245501786470413 449
1691678922491 0.05016908794641495 499
1691678922585 0.04315260425209999 549
1691678922680 0.0529811792075634 599
1691678922775 0.04519066587090492 649
1691678922868 0.07452496886253357 699
1691678922962 0.07333063334226608 749
1691678923056 0.0561031810939312 799
1691678923150 0.059543363749980927 849
1691678923244 0.07714330404996872 899
1691678923337 0.05770854279398918 949
1691678923431 0.03340058773756027 999
1691678923524 0.06543416529893875 1049
1691678923617 0.0605897419154644 1099
1691678923710 0.05311865732073784 1149
1691678923803 0.052429694682359695 1199
1691678923896 0.05231371521949768 1249
1691678923991 0.052576445043087006 1299
1691678924084 0.048287682235240936 1349
1691678924177 0.03941274806857109 1399
1691678924271 0.05387716367840767 1449
1691678924364 0.08328104019165039 1499
1691678924458 0.04761515557765961 1549
1691678924551 0.054672908037900925 1599
1691678924645 0.03575976938009262 1649
1691678924738 0.05170474946498871 1699
1691678924832 0.050567228347063065 1749
1691678924925 0.07813594490289688 1799
1691678925020 0.055171720683574677 1849
1691678925113 0.05421585217118263 1899
1691678925206 0.05379908159375191 1949
1691678925299 0.052900079637765884 1999
1691678925392 0.04400157928466797 2049
1691678925486 0.032566674053668976 2099
1691678925579 0.04320097714662552 2149
1691678925676 0.030128374695777893 2199
1691678925769 0.03480337932705879 2249
1691678925862 0.06211124360561371 2299
1691678925956 0.04854804649949074 2349
1691678926050 0.05635884776711464 2399
1691678926144 0.018334655091166496 2449
1691678926237 0.07154996693134308 2499
1691678926330 0.06311139464378357 2549
1691678926424 0.02091996930539608 2599
1691678926517 0.04584946855902672 2649
1691678926611 0.039385851472616196 2699
1691678926705 0.0708606094121933 2749
1691678926799 0.03997649997472763 2799
1691678926892 0.03232968598604202 2849
1691678926986 0.04955099895596504 2899
1691678927079 0.09044759720563889 2949
1691678927172 0.07642553746700287 2999
1691678927266 0.037602104246616364 3049
1691678927360 0.06830842047929764 3099
1691678927453 0.08802150934934616 3149
1691678927546 0.03901601582765579 3199
1691678927640 0.04720273241400719 3249
1691678927733 0.06165004149079323 3299
1691678927827 0.04540003463625908 3349
1691678927920 0.05193736404180527 3399
1691678928014 0.04168380796909332 3449
1691678928108 0.025992076843976974 3499
1691678928201 0.06715428084135056 3549
1691678928295 0.05852656811475754 3599
1691678928389 0.026809344068169594 3649
1691678928482 0.06614374369382858 3699
1691678928576 0.020555442199110985 3749
1691678928669 0.07118651270866394 3799
1691678928762 0.042065300047397614 3849
1691678928856 0.0381912887096405 3899
1691678928951 0.055532947182655334 3949
1691678929044 0.03247556462883949 3999
1691678929138 0.03816399723291397 4049
1691678929231 0.05432462692260742 4099
1691678929325 0.013834662735462189 4149
1691678929419 0.06848584115505219 4199
1691678929512 0.07018695026636124 4249
1691678929606 0.06848971545696259 4299
1691678929699 0.05110212042927742 4349
1691678929793 0.059101030230522156 4399
1691678929887 0.05369815602898598 4449
1691678929982 0.07857104390859604 4499
1691678930077 0.012182901613414288 4549
1691678930171 0.05170104652643204 4599
1691678930265 0.042348455637693405 4649
1691678930360 0.06564553827047348 4699
1691678930455 0.027931762859225273 4749
1691678930551 0.07869929820299149 4799
1691678930647 0.035800106823444366 4849
1691678930763 0.012268103659152985 4899
1691678930859 0.0852898582816124 4949
1691678930954 0.04401468113064766 4999
1691678931049 0.04081273451447487 5049
1691678931144 0.04061444476246834 5099
1691678931239 0.04668331518769264 5149
1691678931335 0.04383004456758499 5199
1691678931429 0.04602707549929619 5249
1691678931524 0.052317336201667786 5299
1691678931619 0.03907300904393196 5349
1691678931714 0.04828604310750961 5399
1691678931810 0.030505569651722908 5449
1691678931905 0.025730006396770477 5499
1691678932001 0.03168682008981705 5549
1691678932096 0.050152357667684555 5599
1691678932192 0.03901698440313339 5649
1691678932287 0.03041534498333931 5699
1691678932383 0.07086757570505142 5749
1691678932477 0.029545679688453674 5799
1691678932573 0.030177555978298187 5849
1691678932668 0.0721229687333107 5899
1691678932764 0.09203783422708511 5949
1691678932859 0.022636940702795982 5999
1691678932954 0.04743996262550354 6049
1691678933049 0.04834899678826332 6099
1691678933144 0.04788173362612724 6149
1691678933239 0.06189892441034317 6199
1691678933334 0.03741725906729698 6249
1691678933429 0.04703554883599281 6299
1691678933524 0.014352099969983101 6349
1691678933618 0.038946088403463364 6399
1691678933713 0.03663298860192299 6449
1691678933808 0.0618700347840786 6499
1691678933903 0.04545532166957855 6549
1691678934000 0.0460708811879158 6599
1691678934095 0.056497011333703995 6649
1691678934190 0.06439973413944244 6699
1691678934285 0.06603293120861053 6749
1691678934380 0.0865708738565445 6799
1691678934474 0.056796152144670486 6849
1691678934569 0.14361946284770966 6899
1691678934664 0.03786727413535118 6949
1691678934759 0.012338375672698021 6999
1691678934855 0.0348396971821785 7049
1691678934950 0.04332096502184868 7099
1691678935046 0.03630370274186134 7149
1691678935141 0.052355583757162094 7199
1691678935236 0.06110875681042671 7249
1691678935331 0.06846993416547775 7299
1691678935425 0.04217282682657242 7349
1691678935520 0.08564495295286179 7399
1691678935615 0.04236461967229843 7449
1691678935711 0.050328370183706284 7499
1691678935827 0.06791042536497116 7549
1691678935923 0.06016099452972412 7599
1691678936019 0.06417202949523926 7649
1691678936114 0.010691586881875992 7699
1691678936209 0.013580423779785633 7749
1691678936306 0.055337101221084595 7799
1691678936402 0.04389241710305214 7849
1691678936497 0.013461639173328876 7899
1691678936592 0.024625830352306366 7949
1691678936687 0.026651732623577118 7999
1691678936782 0.061083827167749405 8049
1691678936877 0.0484314039349556 8099
1691678936973 0.029437916353344917 8149
1691678937069 0.04523088037967682 8199
1691678937164 0.030710430815815926 8249
1691678937259 0.04041089117527008 8299
1691678937355 0.04136529192328453 8349
1691678937450 0.0760105773806572 8399
1691678937545 0.0273406021296978 8449
1691678937643 0.014910503290593624 8499
1691678937738 0.03953146934509277 8549
1691678937836 0.04516255110502243 8599
1691678937934 0.06987688690423965 8649
1691678938030 0.06705566495656967 8699
1691678938126 0.01454982440918684 8749
1691678938221 0.05638842657208443 8799
1691678938317 0.026937441900372505 8849
1691678938411 0.04498232528567314 8899
1691678938506 0.032226648181676865 8949
1691678938600 0.06528782099485397 8999
1691678938695 0.05435430631041527 9049
1691678938791 0.048165544867515564 9099
1691678938887 0.038636304438114166 9149
1691678938984 0.028641169890761375 9199
1691678939079 0.04961073026061058 9249
1691678939175 0.03142428770661354 9299
1691678939271 0.026672780513763428 9349
1691678939366 0.0668288916349411 9399
1691678939462 0.015601957216858864 9449
1691678939558 0.041965581476688385 9499
1691678939653 0.0546082966029644 9549
1691678939749 0.028789587318897247 9599
1691678939844 0.08768060803413391 9649
1691678939940 0.04448799043893814 9699
1691678940036 0.05613294616341591 9749
1691678940132 0.07761268317699432 9799
1691678940228 0.03629619628190994 9849
1691678940324 0.08828815072774887 9899
1691678940420 0.08566780388355255 9949
1691678940515 0.04242495074868202 9999
1691678940611 0.04236723482608795 10049
1691678940706 0.04062317684292793 10099
1691678940802 0.039648331701755524 10149
1691678940900 0.05188608169555664 10199
1691678940996 0.02372678928077221 10249
1691678941092 0.04579711705446243 10299
1691678941187 0.047288499772548676 10349
1691678941283 0.04700341448187828 10399
1691678941380 0.05896634981036186 10449
1691678941476 0.059665679931640625 10499
1691678941571 0.06806480139493942 10549
1691678941666 0.039868295192718506 10599
1691678941761 0.05846598744392395 10649
1691678941855 0.03920509293675423 10699
1691678941950 0.04975235089659691 10749
1691678942045 0.07145942747592926 10799
1691678942139 0.06482435762882233 10849
1691678942234 0.08244442939758301 10899
1691678942330 0.033210959285497665 10949
1691678942425 0.051609545946121216 10999
1691678942521 0.04987349361181259 11049
1691678942616 0.029424598440527916 11099
1691678942710 0.05821360647678375 11149
1691678942806 0.04002857580780983 11199
1691678942901 0.040871761739254 11249
1691678942997 0.03563468158245087 11299
1691678943093 0.048476871103048325 11349
1691678943188 0.014640931971371174 11399
1691678943284 0.04271294176578522 11449
1691678943380 0.046726565808057785 11499
1691678943476 0.0397908054292202 11549
1691678943571 0.0281002726405859 11599
1691678943667 0.07120863348245621 11649
1691678943762 0.04534939303994179 11699
1691678943858 0.010630667209625244 11749
1691678943955 0.03764677420258522 11799
1691678944050 0.03709801658987999 11849
1691678944146 0.051814984530210495 11899
1691678944242 0.02360484004020691 11949
1691678944338 0.057650502771139145 11999
1691678944434 0.0693499892950058 12049
1691678944530 0.018766434863209724 12099
1691678944626 0.008664933033287525 12149
1691678944721 0.0447082594037056 12199
1691678944816 0.07152062654495239 12249
1691678944913 0.04438015818595886 12299
1691678945009 0.04479110240936279 12349
1691678945105 0.04112747311592102 12399
1691678945200 0.05762890353798866 12449
1691678945296 0.05281573161482811 12499
1691678945392 0.062460556626319885 12549
1691678945488 0.04923877865076065 12599
1691678945584 0.0506419911980629 12649
1691678945679 0.045775093138217926 12699
1691678945775 0.051820795983076096 12749
1691678945870 0.06340306252241135 12799
1691678945987 0.07059815526008606 12849
1691678946083 0.050975777208805084 12899
1691678946178 0.051712315529584885 12949
1691678946274 0.05794382095336914 12999
1691678946369 0.03637433797121048 13049
1691678946465 0.045626409351825714 13099
1691678946561 0.05794423818588257 13149
1691678946657 0.04304815083742142 13199
1691678946752 0.06667496263980865 13249
1691678946847 0.0462399497628212 13299
1691678946943 0.05152427777647972 13349
1691678947039 0.030669666826725006 13399
1691678947134 0.043873380869627 13449
1691678947230 0.04505910724401474 13499
1691678947326 0.03195562958717346 13549
1691678947421 0.047359567135572433 13599
1691678947517 0.0498296320438385 13649
1691678947613 0.049301281571388245 13699
1691678947708 0.025903869420289993 13749
1691678947804 0.024557292461395264 13799
1691678947902 0.0907575711607933 13849
1691678947998 0.026560647413134575 13899
1691678948094 0.053482551127672195 13949
1691678948189 0.03774449601769447 13999
1691678948285 0.07463138550519943 14049
1691678948381 0.0625695064663887 14099
1691678948476 0.030957771465182304 14149
1691678948572 0.011711432598531246 14199
1691678948668 0.04444979503750801 14249
1691678948764 0.06392815709114075 14299
1691678948860 0.04540421813726425 14349
1691678948956 0.051449909806251526 14399
1691678949052 0.05516808107495308 14449
1691678949148 0.029690906405448914 14499
1691678949242 0.030782336369156837 14549
1691678949335 0.051410626620054245 14599
1691678949428 0.030296841636300087 14649
1691678949521 0.029114022850990295 14699
1691678949614 0.03688618913292885 14749
1691678949706 0.07471869140863419 14799
1691678949799 0.07778263837099075 14849
1691678949894 0.05174819752573967 14899
1691678949988 0.03146475553512573 14949
1691678950081 0.054678067564964294 14999
1691678950175 0.04158521443605423 15049
1691678950268 0.05747686326503754 15099
1691678950361 0.04195219650864601 15149
1691678950455 0.06325007975101471 15199
1691678950548 0.019223585724830627 15249
1691678950641 0.04980073496699333 15299
1691678950734 0.056389711797237396 15349
1691678950827 0.0570375956594944 15399
1691678950920 0.09178215265274048 15449
1691678951016 0.041484586894512177 15499
1691678951111 0.038082554936409 15549
1691678951204 0.05758236348628998 15599
1691678951297 0.06636802852153778 15649
1691678951390 0.05695334076881409 15699
1691678951483 0.04620342701673508 15749
1691678951576 0.014798804186284542 15799
1691678951668 0.055292606353759766 15849
1691678951762 0.02607809193432331 15899
1691678951855 0.055823616683483124 15949
1691678951948 0.018933486193418503 15999
1691678952041 0.010342621244490147 16049
1691678952134 0.06748516857624054 16099
1691678952227 0.03785083070397377 16149
1691678952320 0.028552841395139694 16199
1691678952413 0.0528135672211647 16249
1691678952506 0.040276892483234406 16299
1691678952600 0.07458333671092987 16349
1691678952694 0.10261133313179016 16399
1691678952787 0.04441242665052414 16449
1691678952879 0.013782370835542679 16499
1691678952972 0.05889357253909111 16549
1691678953065 0.02948754094541073 16599
1691678953157 0.02842206321656704 16649
1691678953250 0.03246505931019783 16699
1691678953344 0.027974050492048264 16749
1691678953436 0.012374245561659336 16799
1691678953529 0.03883390128612518 16849
1691678953625 0.058131664991378784 16899
1691678953720 0.047208551317453384 16949
1691678953812 0.06520362943410873 16999
1691678953905 0.03161472827196121 17049
1691678953999 0.06178717687726021 17099
1691678954092 0.039355140179395676 17149
1691678954184 0.04960770532488823 17199
1691678954276 0.02142251655459404 17249
1691678954369 0.04649275168776512 17299
1691678954462 0.04262575879693031 17349
1691678954554 0.036536332219839096 17399
1691678954648 0.028617726638913155 17449
1691678954742 0.044865112751722336 17499
1691678954835 0.0688013806939125 17549
1691678954929 0.03644680231809616 17599
1691678955024 0.06159385293722153 17649
1691678955119 0.0529375895857811 17699
1691678955212 0.020584208890795708 17749
1691678955304 0.03306920826435089 17799
1691678955396 0.0224387738853693 17849
1691678955489 0.06416215747594833 17899
1691678955581 0.05308135598897934 17949
1691678955674 0.05201539769768715 17999
1691678955767 0.051327306777238846 18049
1691678955860 0.07836630940437317 18099
1691678955953 0.05116366222500801 18149
1691678956049 0.015420369803905487 18199
1691678956142 0.04818743094801903 18249
1691678956234 0.062222808599472046 18299
1691678956327 0.061939582228660583 18349
1691678956420 0.05776652321219444 18399
1691678956513 0.03958607092499733 18449
1691678956606 0.03313217684626579 18499
1691678956699 0.0426022931933403 18549
1691678956792 0.07100727409124374 18599
1691678956885 0.06128851696848869 18649
1691678956978 0.031745653599500656 18699
1691678957071 0.0113545386120677 18749
1691678957164 0.04761916771531105 18799
1691678957258 0.027354713529348373 18849
1691678957350 0.04438363015651703 18899
1691678957443 0.016199186444282532 18949
1691678957536 0.027020130306482315 18999
1691678957629 0.03554462641477585 19049
1691678957722 0.05086095258593559 19099
1691678957814 0.06605503708124161 19149
1691678957907 0.058794617652893066 19199
1691678958000 0.07225911319255829 19249
1691678958093 0.03404241427779198 19299
1691678958186 0.0389396958053112 19349
1691678958279 0.06494140625 19399
1691678958372 0.018376845866441727 19449
1691678958465 0.03830738365650177 19499
1691678958558 0.07267399877309799 19549
1691678958652 0.05149289593100548 19599
1691678958746 0.08845912665128708 19649
1691678958839 0.06458031386137009 19699
1691678958933 0.04620291665196419 19749
1691678959027 0.053709063678979874 19799
1691678959120 0.06154089421033859 19849
1691678959213 0.035102926194667816 19899
1691678959306 0.07047230750322342 19949
1691678959400 0.0335688479244709 19999
1691678959492 0.047230418771505356 20049
1691678959585 0.054182689636945724 20099
1691678959679 0.060891833156347275 20149
1691678959772 0.037254247814416885 20199
1691678959865 0.049533575773239136 20249
1691678959959 0.08300524204969406 20299
1691678960052 0.03632165864109993 20349
1691678960145 0.06488442420959473 20399
1691678960238 0.026617078110575676 20449
1691678960332 0.05319453030824661 20499
1691678960425 0.028317201882600784 20549
1691678960518 0.06661250442266464 20599
1691678960611 0.08857018500566483 20649
1691678960705 0.02670474909245968 20699
1691678960800 0.01647789403796196 20749
1691678960894 0.04930047318339348 20799
1691678960989 0.08315513283014297 20849
1691678961086 0.027829952538013458 20899
1691678961181 0.028629938140511513 20949
1691678961275 0.06707014888525009 20999
1691678961370 0.04593069478869438 21049
1691678961464 0.03589312732219696 21099
1691678961558 0.04175198823213577 21149
1691678961653 0.037181127816438675 21199
1691678961747 0.010494786314666271 21249
1691678961841 0.03746433183550835 21299
1691678961935 0.051054731011390686 21349
1691678962030 0.09265715628862381 21399
1691678962126 0.037803538143634796 21449
1691678962220 0.039404209703207016 21499
1691678962315 0.03508909419178963 21549
1691678962410 0.03658026084303856 21599
1691678962504 0.0405472032725811 21649
1691678962598 0.044541843235492706 21699
1691678962693 0.044623326510190964 21749
1691678963111 0.0552518405020237 21799
1691678963207 0.05021349713206291 21849
1691678963302 0.03981013968586922 21899
1691678963397 0.06156770884990692 21949
1691678963492 0.05010226368904114 21999
1691678963587 0.04588155820965767 22049
1691678963682 0.041150957345962524 22099
1691678963777 0.05152634158730507 22149
1691678963871 0.06933486461639404 22199
1691678963968 0.07865545153617859 22249
1691678964064 0.026711972430348396 22299
1691678964161 0.03846168518066406 22349
1691678964257 0.05535423010587692 22399
1691678964354 0.04518989101052284 22449
1691678964449 0.051624227315187454 22499
1691678964545 0.022419817745685577 22549
1691678964641 0.03637870028614998 22599
1691678964737 0.03046068362891674 22649
1691678964833 0.04596635699272156 22699
1691678964929 0.039241671562194824 22749
1691678965026 0.05711860954761505 22799
1691678965122 0.0704774335026741 22849
1691678965218 0.03821467608213425 22899
1691678965313 0.028882674872875214 22949
1691678965407 0.04731984809041023 22999
1691678966140 0.036809761077165604 23049
1691678966236 0.040028609335422516 23099
1691678966328 0.01862206682562828 23149
1691678966420 0.045009929686784744 23199
1691678966512 0.04943937063217163 23249
1691678966606 0.1060713604092598 23299
1691678966702 0.03136151283979416 23349
1691678966797 0.0400872603058815 23399
1691678966894 0.06883955001831055 23449
1691678966989 0.009870572946965694 23499
1691678967084 0.07372087985277176 23549
1691678967180 0.049316614866256714 23599
1691678967276 0.031833209097385406 23649
1691678967711 0.04454978555440903 23699
1691678967813 0.03398886322975159 23749
1691678967909 0.042363476008176804 23799
1691678968005 0.057237330824136734 23849
1691678968100 0.033812109380960464 23899
1691678968196 0.0406329482793808 23949
1691678968291 0.04788973927497864 23999
1691678968387 0.05727308988571167 24049
1691678968483 0.02382470853626728 24099
1691678968579 0.04559406265616417 24149
1691678968676 0.02746330387890339 24199
1691678968772 0.02086671069264412 24249
1691678968868 0.028513746336102486 24299
1691678968965 0.024336395785212517 24349
1691678969061 0.04640819877386093 24399
1691678969157 0.06907087564468384 24449
1691678969252 0.0384550504386425 24499
1691678969348 0.041209492832422256 24549
1691678969444 0.037938013672828674 24599
1691678969540 0.010559909045696259 24649
1691678969636 0.045910414308309555 24699
1691678969730 0.055387627333402634 24749
1691678969823 0.04465518519282341 24799
1691678969919 0.03273510932922363 24849
1691678970012 0.04517776519060135 24899
1691678970105 0.08478320389986038 24949
1691678970197 0.065709687769413 24999
1691678970289 0.0781346932053566 25049
1691678970381 0.06526046991348267 25099
1691678970473 0.03771258518099785 25149
1691678970566 0.01716039888560772 25199
1691678970658 0.01358899474143982 25249
1691678970750 0.07492567598819733 25299
1691678970842 0.04430083930492401 25349
1691678970935 0.014526274055242538 25399
1691678971027 0.0479789562523365 25449
1691678971119 0.03059482015669346 25499
1691678971209 0.03801548108458519 25549
1691678971636 0.043471675366163254 25599
1691678971728 0.007463838439434767 25649
1691678971820 0.04487966373562813 25699
1691678971913 0.043620653450489044 25749
1691678972005 0.040972866117954254 25799
1691678972097 0.01887200027704239 25849
1691678972189 0.05594482272863388 25899
1691678972281 0.058528169989585876 25949
1691678972373 0.03141206130385399 25999
1691678972465 0.04801519587635994 26049
1691678972558 0.06058806553483009 26099
1691678972650 0.061761822551488876 26149
1691678972742 0.03629145398736 26199
1691678972834 0.07353314012289047 26249
1691678972926 0.020678894594311714 26299
1691678973019 0.031581904739141464 26349
1691678973111 0.04460892453789711 26399
1691678973203 0.025570902973413467 26449
1691678973295 0.0411810539662838 26499
1691678973388 0.03456303849816322 26549
1691678973480 0.024608535692095757 26599
1691678973573 0.029509903863072395 26649
1691678973665 0.021031389012932777 26699
1691678973757 0.04289732128381729 26749
1691678973849 0.03669911250472069 26799
1691678973942 0.04158062860369682 26849
1691678974035 0.05696005001664162 26899
1691678974127 0.042088109999895096 26949
1691678974219 0.04730933532118797 26999
1691678974311 0.03818428888916969 27049
1691678974404 0.04452579841017723 27099
1691678974496 0.09532029181718826 27149
1691678974588 0.032703038305044174 27199
1691678974680 0.029260026291012764 27249
1691678974772 0.03977080434560776 27299
1691678974864 0.028075948357582092 27349
1691678974956 0.022746112197637558 27399
1691678975048 0.05007922276854515 27449
1691678975138 0.0533285066485405 27499
1691678975667 0.031018288806080818 27549
1691678975759 0.06701669842004776 27599
1691678975852 0.042713068425655365 27649
1691678975944 0.0377497524023056 27699
1691678976036 0.0719587579369545 27749
1691678976128 0.01570451259613037 27799
1691678976220 0.06589565426111221 27849
1691678976334 0.06487710773944855 27899
1691678976426 0.054229870438575745 27949
1691678976519 0.07558989524841309 27999
1691678976611 0.03187668323516846 28049
1691678976703 0.011745286174118519 28099
1691678976795 0.043748702853918076 28149
1691678976887 0.06410972028970718 28199
1691678976980 0.03452309966087341 28249
1691678977072 0.0364188589155674 28299
1691678977164 0.060525212436914444 28349
1691678977256 0.045150935649871826 28399
1691678977348 0.0780218243598938 28449
1691678977441 0.040112610906362534 28499
1691678977533 0.03071279637515545 28549
1691678977625 0.07963814586400986 28599
1691678977717 0.010541090741753578 28649
1691678977809 0.040137000381946564 28699
1691678977901 0.05049791932106018 28749
1691678977994 0.029827261343598366 28799
1691678978086 0.05130681023001671 28849
1691678978178 0.047713249921798706 28899
1691678978270 0.025098668411374092 28949
1691678978362 0.04123789817094803 28999
1691678978455 0.03927147388458252 29049
1691678978547 0.06361310929059982 29099
1691678978639 0.04578561708331108 29149
1691678978993 0.06713657081127167 29199
1691678979089 0.0600896030664444 29249
1691678979181 0.060669612139463425 29299
1691678979273 0.0394863523542881 29349
1691678979366 0.028984781354665756 29399
1691678979458 0.04007373005151749 29449
1691678979550 0.025828856974840164 29499
1691678979642 0.04083049297332764 29549
1691678979734 0.032615870237350464 29599
1691678979826 0.012170658446848392 29649
1691678979919 0.042718127369880676 29699
1691678980013 0.04069151729345322 29749
1691678980106 0.0476275198161602 29799
1691678980200 0.04460049420595169 29849
1691678980293 0.016696305945515633 29899
1691678980387 0.0627308189868927 29949
1691678980480 0.0324142761528492 29999
1691678980573 0.03081297129392624 30049
1691678980667 0.009288745000958443 30099
1691678980760 0.05349348857998848 30149
1691678980853 0.0385841429233551 30199
1691678980946 0.027188630774617195 30249
1691678981040 0.04434322193264961 30299
1691678981134 0.0461154542863369 30349
1691678981227 0.027307527139782906 30399
1691678981340 0.06259123980998993 30449
1691678981433 0.040219783782958984 30499
1691678981526 0.013369589112699032 30549
1691678981620 0.050345342606306076 30599
1691678981713 0.033314771950244904 30649
1691678981806 0.011431314051151276 30699
1691678981899 0.05634278431534767 30749
1691678981993 0.04996171593666077 30799
1691678982086 0.008544758893549442 30849
1691678982180 0.03165780380368233 30899
1691678982275 0.026172608137130737 30949
1691678982369 0.028095103800296783 30999
1691678982464 0.03791753947734833 31049
1691678982559 0.04438766464591026 31099
1691678982653 0.060192424803972244 31149
1691678982969 0.010045009665191174 31199
1691678983063 0.03552531078457832 31249
1691678983157 0.049713823944330215 31299
1691678983252 0.038920361548662186 31349
1691678983346 0.07198471575975418 31399
1691678983440 0.028929132968187332 31449
1691678983534 0.07799816876649857 31499
1691678983628 0.04240795969963074 31549
1691678983722 0.04720724746584892 31599
1691678983817 0.015930617228150368 31649
1691678983911 0.0371720977127552 31699
1691678984477 0.012096583843231201 31749
1691678984570 0.03845801204442978 31799
1691678984665 0.024144580587744713 31849
1691678984759 0.06663250178098679 31899
1691678984854 0.037924874573946 31949
1691678984948 0.03495030105113983 31999
1691678985043 0.02678685262799263 32049
1691678985137 0.04225446656346321 32099
1691678985233 0.04129817336797714 32149
1691678985333 0.03789680078625679 32199
1691678985429 0.05960498005151749 32249
1691678985525 0.013642605394124985 32299
1691678986048 0.04604097083210945 32349
1691678986144 0.07522203028202057 32399
1691678986239 0.05929359048604965 32449
1691678986337 0.07838962227106094 32499
1691678986433 0.04496632516384125 32549
1691678986528 0.04041750356554985 32599
1691678986623 0.07083342969417572 32649
1691678986718 0.07369788736104965 32699
1691678986814 0.03683871403336525 32749
1691678986909 0.039489950984716415 32799
1691678987004 0.05114830657839775 32849
1691678987719 0.013974360190331936 32899
1691678987821 0.04281366616487503 32949
1691678987920 0.05022832751274109 32999
1691678988018 0.036395613104104996 33049
1691678988116 0.06708244234323502 33099
1691678988214 0.018637344241142273 33149
1691678988312 0.038947731256484985 33199
1691678988407 0.0617896243929863 33249
1691678988501 0.019796932116150856 33299
1691678988595 0.014079314656555653 33349
1691678988691 0.07124824076890945 33399
1691678988786 0.01650417596101761 33449
1691678988881 0.028872089460492134 33499
1691678988978 0.01747206039726734 33549
1691678989074 0.011433272622525692 33599
1691678989170 0.049920063465833664 33649
1691678989688 0.03359165042638779 33699
1691678989783 0.054650530219078064 33749
1691678989879 0.03602493926882744 33799
1691678989975 0.041216857731342316 33849
1691678990071 0.0068485429510474205 33899
1691678990167 0.0644664317369461 33949
1691678990263 0.045650750398635864 33999
1691678990360 0.052731480449438095 34049
1691678990454 0.05966576188802719 34099
1691678990547 0.03998877853155136 34149
1691678990644 0.03247428312897682 34199
1691678990741 0.05180181562900543 34249
1691678990837 0.04120616987347603 34299
1691678990932 0.03834882378578186 34349
1691678991027 0.052011266350746155 34399
1691678991122 0.014373146928846836 34449
1691678991217 0.031409263610839844 34499
1691678991312 0.03517267107963562 34549
1691678991413 0.04066488891839981 34599
1691678991511 0.05223213881254196 34649
1691678991608 0.038066767156124115 34699
1691678991703 0.07931122928857803 34749
1691678992500 0.045665301382541656 34799
1691678992598 0.01273267436772585 34849
1691678992697 0.05110495164990425 34899
1691678992795 0.06410931795835495 34949
1691678992894 0.04945731535553932 34999
1691678992991 0.03532303124666214 35049
1691678993089 0.0533071905374527 35099
1691678993188 0.04886215925216675 35149
1691678993286 0.0433429591357708 35199
1691678993384 0.04779275134205818 35249
1691678993482 0.05250824615359306 35299
1691678993581 0.04397290572524071 35349
1691678993678 0.052211351692676544 35399
1691678993775 0.02533995360136032 35449
1691678993873 0.034144625067710876 35499
1691678993974 0.037079088389873505 35549
1691678994072 0.031504761427640915 35599
1691678994170 0.04378142207860947 35649
1691678994269 0.009699723683297634 35699
1691678994368 0.04239301756024361 35749
1691678994465 0.03395175561308861 35799
1691678994563 0.04002896696329117 35849
1691678994662 0.03748515993356705 35899
1691678994761 0.041197605431079865 35949
1691678994859 0.02964344248175621 35999
1691678994958 0.06547469645738602 36049
1691678995057 0.04226438328623772 36099
1691678995154 0.034382350742816925 36149
1691678995252 0.05739111825823784 36199
1691678995350 0.04076436161994934 36249
1691678995447 0.05968671292066574 36299
1691678995546 0.04373026639223099 36349
1691678995644 0.06035587564110756 36399
1691678995741 0.05205639451742172 36449
1691678995838 0.06181614473462105 36499
1691678995936 0.03462715819478035 36549
1691678996035 0.05095720291137695 36599
1691678996133 0.03865082189440727 36649
1691678996231 0.043117258697748184 36699
1691678996330 0.0597892664372921 36749
1691678996430 0.04197099059820175 36799
1691678996528 0.055476441979408264 36849
1691678996626 0.038401853293180466 36899
1691678996724 0.039483360946178436 36949
1691678996823 0.028677161782979965 36999
1691678996921 0.039025481790304184 37049
1691678997019 0.04792585223913193 37099
1691678997117 0.012680170126259327 37149
1691678997215 0.0626213550567627 37199
1691678997314 0.03206093981862068 37249
1691678997412 0.06814704835414886 37299
1691678997511 0.03337332233786583 37349
1691678997609 0.019770605489611626 37399
1691678997707 0.017161957919597626 37449
1691678997804 0.037403400987386703 37499
1691678997900 0.057003945112228394 37549
1691678997996 0.031080201268196106 37599
1691678998092 0.04888828843832016 37649
1691678998188 0.050403449684381485 37699
1691678998283 0.0396154411137104 37749
1691678998379 0.04656430706381798 37799
1691678998474 0.0261699128895998 37849
1691678998569 0.03850706294178963 37899
1691678998665 0.035210758447647095 37949
1691678998760 0.04742289334535599 37999
1691678998856 0.022414343431591988 38049
1691678998953 0.014065837487578392 38099
1691678999049 0.022447770461440086 38149
1691678999144 0.050174370408058167 38199
1691678999239 0.03525654226541519 38249
1691678999335 0.04128376767039299 38299
1691678999431 0.040311168879270554 38349
1691678999526 0.04772325977683067 38399
1691678999621 0.03812064230442047 38449
1691678999716 0.025759100914001465 38499
1691678999811 0.008696517907083035 38549
1691678999906 0.03898320347070694 38599
1691679000283 0.055764295160770416 38649
1691679000380 0.03337392956018448 38699
1691679000476 0.028646225109696388 38749
1691679000571 0.009606258943676949 38799
1691679000667 0.05633546784520149 38849
1691679000764 0.06785561144351959 38899
1691679000859 0.04081904515624046 38949
1691679000955 0.047432463616132736 38999
1691679001050 0.061960142105817795 39049
1691679001145 0.04147719219326973 39099
1691679001241 0.05507451668381691 39149
1691679001338 0.039752934128046036 39199
1691679001437 0.0670814961194992 39249
1691679001532 0.039474792778491974 39299
1691679001629 0.07844032347202301 39349
1691679001727 0.036877430975437164 39399
1691679001823 0.04158193990588188 39449
1691679001919 0.036591846495866776 39499
1691679002015 0.0411565825343132 39549
1691679002110 0.041965920478105545 39599
1691679002206 0.04481617361307144 39649
1691679002302 0.042385283857584 39699
1691679002398 0.04688107967376709 39749
1691679002493 0.04008162394165993 39799
1691679002589 0.038199543952941895 39849
1691679002684 0.044750455766916275 39899
1691679002779 0.08654440194368362 39949
1691679002875 0.055957064032554626 39999
1691679002970 0.0323910266160965 40049
1691679003065 0.057150986045598984 40099
1691679003161 0.0260117556899786 40149
1691679003257 0.04621606692671776 40199
1691679003353 0.031283531337976456 40249
1691679003448 0.010704833082854748 40299
1691679003543 0.0617380291223526 40349
1691679003639 0.04193023592233658 40399
1691679003734 0.043802037835121155 40449
1691679003829 0.060843296349048615 40499
1691679003925 0.03574404492974281 40549
1691679004022 0.03162369877099991 40599
1691679004117 0.02423151209950447 40649
1691679004213 0.09369503706693649 40699
1691679004309 0.03959457948803902 40749
1691679004404 0.04065006598830223 40799
1691679004500 0.030202023684978485 40849
1691679004596 0.0533025749027729 40899
1691679004691 0.04050811007618904 40949
1691679004787 0.015354973264038563 40999
1691679004883 0.03818412870168686 41049
1691679004979 0.05155927315354347 41099
1691679005075 0.03349381312727928 41149
1691679005171 0.01933274418115616 41199
1691679005268 0.07131161540746689 41249
1691679005363 0.03229038417339325 41299
1691679005459 0.08977320790290833 41349
1691679005555 0.03126915544271469 41399
1691679005650 0.009141014888882637 41449
1691679005745 0.02072664350271225 41499
1691679005840 0.061263617128133774 41549
1691679005935 0.06467552483081818 41599
1691679006029 0.039920322597026825 41649
1691679006124 0.013733544386923313 41699
1691679006220 0.02767198160290718 41749
1691679006315 0.04377290979027748 41799
1691679006411 0.04126853123307228 41849
1691679006527 0.015647439286112785 41899
1691679006623 0.04575299099087715 41949
1691679006717 0.03789854049682617 41999
1691679006811 0.019684992730617523 42049
1691679006904 0.02012021280825138 42099
1691679006998 0.029243774712085724 42149
1691679007093 0.04703836888074875 42199
1691679007185 0.03769971430301666 42249
1691679007680 0.032647356390953064 42299
1691679007775 0.01830151304602623 42349
1691679007870 0.05824164301156998 42399
1691679007966 0.04757814481854439 42449
1691679008061 0.036685504019260406 42499
1691679008156 0.06111837923526764 42549
1691679008251 0.06987136602401733 42599
1691679008347 0.03564998507499695 42649
1691679008441 0.04916461557149887 42699
1691679008536 0.042883388698101044 42749
1691679008632 0.05222059786319733 42799
1691679008727 0.09930184483528137 42849
1691679008822 0.03549898415803909 42899
1691679008919 0.05775886029005051 42949
1691679009016 0.07251567393541336 42999
1691679009112 0.03597766533493996 43049
1691679009205 0.060337960720062256 43099
1691679009299 0.05485858768224716 43149
1691679009392 0.05972464010119438 43199
1691679009486 0.061750628054142 43249
1691679009579 0.01308415550738573 43299
1691679009672 0.05016741529107094 43349
1691679009764 0.03657172992825508 43399
1691679009858 0.03867712244391441 43449
1691679009952 0.06836417317390442 43499
1691679010045 0.009808450937271118 43549
1691679010138 0.031768348067998886 43599
1691679010231 0.05112598091363907 43649
1691679010324 0.0401652567088604 43699
1691679010416 0.03764060139656067 43749
1691679010510 0.009698285721242428 43799
1691679010603 0.03829716518521309 43849
1691679010696 0.07369038462638855 43899
1691679010790 0.04368973523378372 43949
1691679010884 0.05151078850030899 43999
1691679010977 0.016687333583831787 44049
1691679011074 0.029968902468681335 44099
1691679011173 0.02890191785991192 44149
1691679011271 0.005792060401290655 44199
1691679011369 0.04082292690873146 44249
1691679011467 0.06464426964521408 44299
1691679011569 0.031588852405548096 44349
1691679011668 0.02639831230044365 44399
1691679011767 0.04745950549840927 44449
1691679011866 0.03537450358271599 44499
1691679011964 0.03709310665726662 44549
1691679012062 0.02690093033015728 44599
1691679012161 0.05019970238208771 44649
1691679012259 0.0335264727473259 44699
1691679012357 0.02680935151875019 44749
1691679012455 0.0644850879907608 44799
1691679012553 0.04406469687819481 44849
1691679012650 0.04722064733505249 44899
1691679012749 0.058148596435785294 44949
1691679012846 0.04445761442184448 44999
1691679012944 0.05650501698255539 45049
1691679013043 0.014342101290822029 45099
1691679013141 0.04768756777048111 45149
1691679013239 0.06161300837993622 45199
1691679013337 0.051916029304265976 45249
1691679013434 0.04229658842086792 45299
1691679013532 0.018774457275867462 45349
1691679013630 0.06369072198867798 45399
1691679013727 0.03694294020533562 45449
1691679013825 0.03157985955476761 45499
1691679013924 0.0343952439725399 45549
1691679014024 0.05676552280783653 45599
1691679014123 0.051871173083782196 45649
1691679014222 0.04023054242134094 45699
1691679014320 0.04072980955243111 45749
1691679014418 0.04002625122666359 45799
1691679014516 0.031697437167167664 45849
1691679014614 0.036182623356580734 45899
1691679014713 0.01805712655186653 45949
1691679014812 0.07261815667152405 45999
1691679014911 0.010463287122547626 46049
1691679015010 0.08475173264741898 46099
1691679015107 0.05420582368969917 46149
1691679015208 0.036034323275089264 46199
1691679015306 0.01861611194908619 46249
1691679015441 0.059150099754333496 46299
1691679015536 0.032719604671001434 46349
1691679015630 0.03040347807109356 46399
1691679015726 0.04513316974043846 46449
1691679015821 0.052029870450496674 46499
1691679015917 0.059773873537778854 46549
1691679016012 0.1219131276011467 46599
1691679016107 0.03475033491849899 46649
1691679016203 0.036482807248830795 46699
1691679016298 0.03839956223964691 46749
1691679016393 0.05144154652953148 46799
1691679016488 0.026235150173306465 46849
1691679016586 0.02415822632610798 46899
1691679016682 0.06768092513084412 46949
1691679016777 0.046696826815605164 46999
1691679016873 0.037522442638874054 47049
1691679016969 0.03602847829461098 47099
1691679017064 0.0595448836684227 47149
1691679017159 0.011525291018188 47199
1691679017254 0.040102750062942505 47249
1691679017349 0.03897906839847565 47299
1691679017444 0.04203667864203453 47349
1691679017540 0.04159054532647133 47399
1691679017635 0.037329260259866714 47449
1691679017729 0.04967714101076126 47499
1691679017824 0.03137508034706116 47549
1691679017919 0.0579669326543808 47599
1691679018015 0.03796623274683952 47649
1691679018110 0.03213026374578476 47699
1691679018205 0.04840938746929169 47749
1691679018302 0.059828270226716995 47799
1691679018400 0.04073883965611458 47849
1691679018497 0.05680770054459572 47899
1691679018595 0.05481186509132385 47949
1691679018692 0.0425972156226635 47999
