1691678418811 0 49
1691678418909 0 99
1691678419008 0 149
1691678419106 0 199
1691678419203 0 249
1691678419301 0 299
1691678419400 0 349
1691678419498 0 399
1691678419596 0 449
1691678419694 0 499
1691678419791 0 549
1691678419887 0 599
1691678419985 0 649
1691678420082 0 699
1691678420180 0 749
1691678420277 0 799
1691678420374 0 849
1691678420471 0 899
1691678420568 0 949
1691678420665 0 999
1691678420763 0 1049
1691678420860 0 1099
1691678420956 0 1149
1691678421053 0 1199
1691678421150 0 1249
1691678421247 0 1299
1691678421342 0 1349
1691678421437 0 1399
1691678421531 0 1449
1691678421625 0 1499
1691678421719 0 1549
1691678421813 0 1599
1691678421907 0 1649
1691678422001 0 1699
1691678422096 0 1749
1691678422190 0 1799
1691678422284 0 1849
1691678422379 0 1899
1691678422473 0 1949
1691678422567 0 1999
1691678422665 0 2049
1691678422759 0 2099
1691678422852 0 2149
1691678422946 0 2199
1691678423040 0 2249
1691678423133 0 2299
1691678423227 0 2349
1691678423321 0 2399
1691678423415 0 2449
1691678423509 0 2499
1691678423603 0 2549
1691678423697 0 2599
1691678423790 0 2649
1691678423884 0 2699
1691678423977 0 2749
1691678424071 0 2799
1691678424165 0 2849
1691678424259 0 2899
1691678424352 0 2949
1691678424445 0 2999
1691678424539 0 3049
1691678424633 0 3099
1691678424727 0 3149
1691678424820 0 3199
1691678424913 0 3249
1691678425007 0 3299
1691678425101 0 3349
1691678425195 0 3399
1691678425289 0 3449
1691678425383 0 3499
1691678425476 0 3549
1691678425572 0 3599
1691678425666 0 3649
1691678425763 0 3699
1691678425860 0 3749
1691678425957 0 3799
1691678426053 0 3849
1691678426150 0 3899
1691678426247 0 3949
1691678426341 0 3999
1691678426438 0 4049
1691678426535 0 4099
1691678426631 0 4149
1691678426727 0 4199
1691678426825 0 4249
1691678426921 0 4299
1691678427017 0 4349
1691678427113 0 4399
1691678427209 0 4449
1691678427305 0 4499
1691678427400 0 4549
1691678427494 0 4599
1691678427589 0 4649
1691678427704 0 4699
1691678427799 0 4749
1691678427893 0 4799
1691678427988 0 4849
1691678428082 0 4899
1691678428177 0 4949
1691678428271 0 4999
1691678428365 0 5049
1691678428459 0 5099
1691678428553 0 5149
1691678428648 0 5199
1691678428742 0 5249
1691678428837 0 5299
1691678428931 0 5349
1691678429025 0 5399
1691678429119 0 5449
1691678429213 0 5499
1691678429307 0 5549
1691678429402 0 5599
1691678429496 0 5649
1691678429590 0 5699
1691678429685 0 5749
1691678429780 0 5799
1691678429874 0 5849
1691678429968 0 5899
1691678430063 0 5949
1691678430157 0 5999
1691678430252 0 6049
1691678430346 0 6099
1691678430440 0 6149
1691678430534 0 6199
1691678430629 0 6249
1691678430723 0 6299
1691678430820 0 6349
1691678430914 0 6399
1691678431008 0 6449
1691678431103 0 6499
1691678431197 0 6549
1691678431291 0 6599
1691678431387 0 6649
1691678431482 0 6699
1691678431578 0 6749
1691678431674 0 6799
1691678431769 0 6849
1691678431864 0 6899
1691678431959 0 6949
1691678432053 0 6999
1691678432147 0 7049
1691678432242 0 7099
1691678432336 0 7149
1691678432431 0 7199
1691678432525 0 7249
1691678432620 0 7299
1691678432717 0 7349
1691678432813 0 7399
1691678432908 0 7449
1691678433003 0 7499
1691678433101 0 7549
1691678433194 0 7599
1691678433293 0 7649
1691678433387 0 7699
1691678433481 0 7749
1691678433575 0 7799
1691678433669 0 7849
1691678433763 0 7899
1691678433859 0 7949
1691678433955 0 7999
1691678434052 0 8049
1691678434148 0 8099
1691678434244 0 8149
1691678434340 0 8199
1691678434437 0 8249
1691678434533 0 8299
1691678434629 0 8349
1691678434724 0 8399
1691678434818 0 8449
1691678434915 0 8499
1691678435012 0 8549
1691678435109 0 8599
1691678435206 0 8649
1691678435303 0 8699
1691678435400 0 8749
1691678435498 0 8799
1691678435596 0 8849
1691678435693 0 8899
1691678435791 0 8949
1691678435890 0 8999
1691678435987 0 9049
1691678436084 0 9099
1691678436181 0 9149
1691678436278 0 9199
1691678436375 0 9249
1691678436472 0 9299
1691678436569 0 9349
1691678436666 0 9399
1691678436763 0 9449
1691678436862 0 9499
1691678436959 0 9549
1691678437057 0 9599
1691678437153 0 9649
1691678437250 0 9699
1691678437348 0 9749
1691678437445 0 9799
1691678437542 0 9849
1691678437640 0 9899
1691678437758 0 9949
1691678437856 0 9999
1691678437955 0 10049
1691678438052 0 10099
1691678438149 0 10149
1691678438247 0 10199
1691678438344 0 10249
1691678438442 0 10299
1691678438540 0 10349
1691678438638 0 10399
1691678438735 0 10449
1691678438833 0 10499
1691678438930 0 10549
1691678439028 0 10599
1691678439125 0 10649
1691678439223 0 10699
1691678439320 0 10749
1691678439418 0 10799
1691678439515 0 10849
1691678439614 0 10899
1691678439711 0 10949
1691678439808 0 10999
1691678439905 0 11049
1691678440001 0 11099
1691678440098 0 11149
1691678440195 0 11199
1691678440293 0 11249
1691678440390 0 11299
1691678440487 0 11349
1691678440584 0 11399
1691678440682 0 11449
1691678440781 0 11499
1691678440879 0 11549
1691678440977 0 11599
1691678441075 0 11649
1691678441172 0 11699
1691678441269 0 11749
1691678441367 0 11799
1691678441464 0 11849
1691678441561 0 11899
1691678441658 0 11949
1691678441755 0 11999
1691678441854 0 12049
1691678441951 0 12099
1691678442049 0 12149
1691678442146 0 12199
1691678442244 0 12249
1691678442341 0 12299
1691678442439 0 12349
1691678442536 0 12399
1691678442634 0 12449
1691678442731 0 12499
1691678442848 0 12549
1691678442945 0 12599
1691678443046 0 12649
1691678443142 0 12699
1691678443245 0 12749
1691678443342 0 12799
1691678443440 0 12849
1691678443537 0 12899
1691678443632 0 12949
1691678443727 0 12999
1691678443821 0 13049
1691678443915 0 13099
1691678444009 0 13149
1691678444103 0 13199
1691678444198 0 13249
1691678444292 0 13299
1691678444386 0 13349
1691678444481 0 13399
1691678444576 0 13449
1691678444671 0 13499
1691678444766 0 13549
1691678444861 0 13599
1691678444956 0 13649
1691678445051 0 13699
1691678445145 0 13749
1691678445241 0 13799
1691678445335 0 13849
1691678445430 0 13899
1691678445525 0 13949
1691678445620 0 13999
1691678445714 0 14049
1691678445810 0 14099
1691678445904 0 14149
1691678445999 0 14199
1691678446093 0 14249
1691678446188 0 14299
1691678446282 0 14349
1691678446377 0 14399
1691678446471 0 14449
1691678446567 0 14499
1691678446663 0 14549
1691678446760 0 14599
1691678446856 0 14649
1691678446953 0 14699
1691678447049 0 14749
1691678447145 0 14799
1691678447242 0 14849
1691678447338 0 14899
1691678447434 0 14949
1691678447531 0 14999
1691678447627 0 15049
1691678447723 0 15099
1691678447818 0 15149
1691678447916 0 15199
1691678448011 0 15249
1691678448106 0 15299
1691678448200 0 15349
1691678448296 0 15399
1691678448391 0 15449
1691678448486 0 15499
1691678448581 0 15549
1691678448676 0 15599
1691678448771 0 15649
1691678448866 0 15699
1691678448961 0 15749
1691678449057 0 15799
1691678449152 0 15849
1691678449248 0 15899
1691678449343 0 15949
1691678449434 0 15999
1691678449525 0 16049
1691678449616 0 16099
1691678449708 0 16149
1691678449802 0 16199
1691678449896 0 16249
1691678449991 0 16299
1691678450085 0 16349
1691678450180 0 16399
1691678450275 0 16449
1691678450369 0 16499
1691678450464 0 16549
1691678450558 0 16599
1691678450653 0 16649
1691678450747 0 16699
1691678450838 0 16749
1691678450931 0 16799
1691678451022 0 16849
1691678451113 0 16899
1691678451207 0 16949
1691678451302 0 16999
1691678451397 0 17049
1691678451492 0 17099
1691678451587 0 17149
1691678451682 0 17199
1691678451777 0 17249
1691678451872 0 17299
1691678451967 0 17349
1691678452061 0 17399
1691678452156 0 17449
1691678452251 0 17499
1691678452347 0 17549
1691678452442 0 17599
1691678452537 0 17649
1691678452632 0 17699
1691678452727 0 17749
1691678452824 0 17799
1691678452940 0 17849
1691678453035 0 17899
1691678453130 0 17949
1691678453224 0 17999
1691678453319 0 18049
1691678453414 0 18099
1691678453509 0 18149
1691678453603 0 18199
1691678453698 0 18249
1691678453792 0 18299
1691678453886 0 18349
1691678453980 0 18399
1691678454075 0 18449
1691678454169 0 18499
1691678454263 0 18549
1691678454357 0 18599
1691678454451 0 18649
1691678454545 0 18699
1691678454639 0 18749
1691678454733 0 18799
1691678454828 0 18849
1691678454922 0 18899
1691678455016 0 18949
1691678455111 0 18999
1691678455205 0 19049
1691678455299 0 19099
1691678455393 0 19149
1691678455488 0 19199
1691678455583 0 19249
1691678455681 0 19299
1691678455779 0 19349
1691678455877 0 19399
1691678455975 0 19449
1691678456072 0 19499
1691678456170 0 19549
1691678456267 0 19599
1691678456364 0 19649
1691678456461 0 19699
1691678456558 0 19749
1691678456655 0 19799
1691678456752 0 19849
1691678456850 0 19899
1691678456947 0 19949
1691678457044 0 19999
1691678457141 0 20049
1691678457238 0 20099
1691678457335 0 20149
1691678457432 0 20199
1691678457528 0 20249
1691678457624 0 20299
1691678457720 0 20349
1691678457817 0 20399
1691678457913 0 20449
1691678458014 0 20499
1691678458111 0 20549
1691678458207 0 20599
1691678458304 0 20649
1691678458401 0 20699
1691678458498 0 20749
1691678458595 0 20799
1691678458692 0 20849
1691678458789 0 20899
1691678458885 0 20949
1691678458983 0 20999
1691678459080 0 21049
1691678459177 0 21099
1691678459274 0 21149
1691678459370 0 21199
1691678459467 0 21249
1691678459564 0 21299
1691678459661 0 21349
1691678459757 0 21399
1691678459854 0 21449
1691678459951 0 21499
1691678460048 0 21549
1691678460145 0 21599
1691678460242 0 21649
1691678460339 0 21699
1691678460436 0 21749
1691678460533 0 21799
1691678460629 0 21849
1691678460726 0 21899
1691678460824 0 21949
1691678460921 0 21999
1691678461018 0 22049
1691678461115 0 22099
1691678461212 0 22149
1691678461309 0 22199
1691678461405 0 22249
1691678461503 0 22299
1691678461600 0 22349
1691678461697 0 22399
1691678461795 0 22449
1691678461892 0 22499
1691678461989 0 22549
1691678462086 0 22599
1691678462184 0 22649
1691678462281 0 22699
1691678462379 0 22749
1691678462476 0 22799
1691678462577 0 22849
1691678462674 0 22899
1691678462771 0 22949
1691678462868 0 22999
1691678462965 0 23049
1691678463082 0 23099
1691678463179 0 23149
1691678463276 0 23199
1691678463373 0 23249
1691678463470 0 23299
1691678463567 0 23349
1691678463663 0 23399
1691678463760 0 23449
1691678463856 0 23499
1691678463952 0 23549
1691678464049 0 23599
1691678464143 0 23649
1691678464237 0 23699
1691678464332 0 23749
1691678464425 0 23799
1691678464519 0 23849
1691678464614 0 23899
1691678464707 0 23949
1691678464801 0 23999
1691678464896 0 24049
1691678464990 0 24099
1691678465084 0 24149
1691678465178 0 24199
1691678465272 0 24249
1691678465366 0 24299
1691678465460 0 24349
1691678465554 0 24399
1691678465647 0 24449
1691678465741 0 24499
1691678465836 0 24549
1691678465931 0 24599
1691678466025 0 24649
1691678466119 0 24699
1691678466213 0 24749
1691678466306 0 24799
1691678466400 0 24849
1691678466494 0 24899
1691678466588 0 24949
1691678466682 0 24999
1691678466776 0 25049
1691678466870 0 25099
1691678466965 0 25149
1691678467059 0 25199
1691678467153 0 25249
1691678467247 0 25299
1691678467341 0 25349
1691678467435 0 25399
1691678467529 0 25449
1691678467623 0 25499
1691678467717 0 25549
1691678467810 0 25599
1691678467905 0 25649
1691678468003 0 25699
1691678468103 0 25749
1691678468199 0 25799
1691678468296 0 25849
1691678468393 0 25899
1691678468490 0 25949
1691678468587 0 25999
1691678468684 0 26049
1691678468781 0 26099
1691678468877 0 26149
1691678468974 0 26199
1691678469070 0 26249
1691678469167 0 26299
1691678469264 0 26349
1691678469361 0 26399
1691678469457 0 26449
1691678469554 0 26499
1691678469651 0 26549
1691678469748 0 26599
1691678469846 0 26649
1691678469943 0 26699
1691678470040 0 26749
1691678470137 0 26799
1691678470234 0 26849
1691678470331 0 26899
1691678470427 0 26949
1691678470524 0 26999
1691678470622 0 27049
1691678470721 0 27099
1691678470818 0 27149
1691678470915 0 27199
1691678471012 0 27249
1691678471108 0 27299
1691678471205 0 27349
1691678471301 0 27399
1691678471399 0 27449
1691678471496 0 27499
1691678471593 0 27549
1691678471689 0 27599
1691678471786 0 27649
1691678471883 0 27699
1691678471979 0 27749
1691678472079 0 27799
1691678472174 0 27849
1691678472275 0 27899
1691678472372 0 27949
1691678472469 0 27999
1691678472565 0 28049
1691678472662 0 28099
1691678472759 0 28149
1691678472856 0 28199
1691678472953 0 28249
1691678473051 0 28299
1691678473151 0 28349
1691678473249 0 28399
1691678473345 0 28449
1691678473442 0 28499
1691678473539 0 28549
1691678473636 0 28599
1691678473733 0 28649
1691678473829 0 28699
1691678473926 0 28749
1691678474023 0 28799
1691678474120 0 28849
1691678474216 0 28899
1691678474313 0 28949
1691678474410 0 28999
1691678474507 0 29049
1691678474604 0 29099
1691678474700 0 29149
1691678474794 0 29199
1691678474888 0 29249
1691678474983 0 29299
1691678475076 0 29349
1691678475170 0 29399
1691678475264 0 29449
1691678475358 0 29499
1691678475453 0 29549
1691678475547 0 29599
1691678475643 0 29649
1691678475738 0 29699
1691678475833 0 29749
1691678475927 0 29799
1691678476021 0 29849
1691678476115 0 29899
1691678476209 0 29949
1691678476304 0 29999
1691678476398 0 30049
1691678476493 0 30099
1691678476588 0 30149
1691678476687 0 30199
1691678476785 0 30249
1691678476883 0 30299
1691678476981 0 30349
1691678477078 0 30399
1691678477174 0 30449
1691678477271 0 30499
1691678477368 0 30549
1691678477465 0 30599
1691678477561 0 30649
1691678477658 0 30699
1691678477755 0 30749
1691678477852 0 30799
1691678477949 0 30849
1691678478046 0 30899
1691678478142 0 30949
1691678478245 0 30999
1691678478345 0 31049
1691678478442 0 31099
1691678478539 0 31149
1691678478638 0 31199
1691678478737 0 31249
1691678478837 0 31299
1691678478936 0 31349
1691678479036 0 31399
1691678479135 0 31449
1691678479234 0 31499
1691678479333 0 31549
1691678479433 0 31599
1691678479532 0 31649
1691678479632 0 31699
1691678479731 0 31749
1691678479831 0 31799
1691678479930 0 31849
1691678480030 0 31899
1691678480129 0 31949
1691678480228 0 31999
1691678480327 0 32049
1691678480427 0 32099
1691678480527 0 32149
1691678480626 0 32199
1691678480725 0 32249
1691678480827 0 32299
1691678480929 0 32349
1691678481030 0 32399
1691678481132 0 32449
1691678481231 0 32499
1691678481331 0 32549
1691678481431 0 32599
1691678481531 0 32649
1691678481630 0 32699
1691678481730 0 32749
1691678481830 0 32799
1691678481929 0 32849
1691678482029 0 32899
1691678482129 0 32949
1691678482229 0 32999
1691678482329 0 33049
1691678482428 0 33099
1691678482527 0 33149
1691678482627 0 33199
1691678482726 0 33249
1691678482826 0 33299
1691678482925 0 33349
1691678483025 0 33399
1691678483125 0 33449
1691678483227 0 33499
1691678483331 0 33549
1691678483433 0 33599
1691678483533 0 33649
1691678483633 0 33699
1691678483732 0 33749
1691678483829 0 33799
1691678483925 0 33849
1691678484022 0 33899
1691678484120 0 33949
1691678484217 0 33999
1691678484314 0 34049
1691678484411 0 34099
1691678484508 0 34149
1691678484605 0 34199
1691678484700 0 34249
1691678484796 0 34299
1691678484892 0 34349
1691678484988 0 34399
1691678485085 0 34449
1691678485181 0 34499
1691678485275 0 34549
1691678485370 0 34599
1691678485464 0 34649
1691678485559 0 34699
1691678485654 0 34749
1691678485748 0 34799
1691678485843 0 34849
1691678485938 0 34899
1691678486032 0 34949
1691678486127 0 34999
1691678486221 0 35049
1691678486316 0 35099
1691678486409 0 35149
1691678486501 0 35199
1691678486594 0 35249
1691678486688 0 35299
1691678486783 0 35349
1691678486878 0 35399
1691678486973 0 35449
1691678487068 0 35499
1691678487162 0 35549
1691678487256 0 35599
1691678487351 0 35649
1691678487448 0 35699
1691678487545 0 35749
1691678487642 0 35799
1691678487738 0 35849
1691678487834 0 35899
1691678487931 0 35949
1691678488025 0 35999
1691678488119 0 36049
1691678488214 0 36099
1691678488307 0 36149
1691678488404 0 36199
1691678488499 0 36249
1691678488593 0 36299
1691678488687 0 36349
1691678488783 0 36399
1691678488877 0 36449
1691678488972 0 36499
1691678489066 0 36549
1691678489159 0 36599
1691678489252 0 36649
1691678489347 0 36699
1691678489443 0 36749
1691678489537 0 36799
1691678489633 0 36849
1691678489727 0 36899
1691678489824 0 36949
1691678489919 0 36999
1691678490014 0 37049
1691678490107 0 37099
1691678490200 0 37149
1691678490294 0 37199
1691678490388 0 37249
1691678490482 0 37299
1691678490576 0 37349
1691678490670 0 37399
1691678490766 0 37449
1691678490861 0 37499
1691678490956 0 37549
1691678491051 0 37599
1691678491146 0 37649
1691678491241 0 37699
1691678491336 0 37749
1691678491431 0 37799
1691678491525 0 37849
1691678491620 0 37899
1691678491714 0 37949
1691678491809 0 37999
1691678491904 0 38049
1691678491998 0 38099
1691678492093 0 38149
1691678492188 0 38199
1691678492283 0 38249
1691678492377 0 38299
1691678492473 0 38349
1691678492568 0 38399
1691678492664 0 38449
1691678492760 0 38499
1691678492855 0 38549
1691678492950 0 38599
1691678493049 0 38649
1691678493147 0 38699
1691678493247 0 38749
1691678493347 0 38799
1691678493450 0 38849
1691678493549 0 38899
1691678493649 0 38949
1691678493748 0 38999
1691678493848 0 39049
1691678493947 0 39099
1691678494047 0 39149
1691678494147 0 39199
1691678494246 0 39249
1691678494343 0 39299
1691678494440 0 39349
1691678494536 0 39399
1691678494636 0 39449
1691678494736 0 39499
1691678494836 0 39549
1691678494936 0 39599
1691678495036 0 39649
1691678495136 0 39699
1691678495235 0 39749
1691678495338 0 39799
1691678495453 0 39849
1691678495546 0 39899
1691678495640 0 39949
1691678495733 0 39999
1691678495828 0 40049
1691678495922 0 40099
1691678496015 0 40149
1691678496109 0 40199
1691678496202 0 40249
1691678496296 0 40299
1691678496390 0 40349
1691678496483 0 40399
1691678496576 0 40449
1691678496670 0 40499
1691678496764 0 40549
1691678496858 0 40599
1691678496951 0 40649
1691678497045 0 40699
1691678497138 0 40749
1691678497232 0 40799
1691678497325 0 40849
1691678497419 0 40899
1691678497512 0 40949
1691678497606 0 40999
1691678497700 0 41049
1691678497802 0 41099
1691678497904 0 41149
1691678498002 0 41199
1691678498099 0 41249
1691678498196 0 41299
1691678498293 0 41349
1691678498393 0 41399
1691678498493 0 41449
1691678498593 0 41499
1691678498691 0 41549
1691678498788 0 41599
1691678498885 0 41649
1691678498984 0 41699
1691678499093 0 41749
1691678499197 0 41799
1691678499299 0 41849
1691678499401 0 41899
1691678499502 0 41949
1691678499603 0 41999
1691678499705 0 42049
1691678499813 0 42099
1691678499918 0 42149
1691678500018 0 42199
1691678500118 0 42249
1691678500217 0 42299
1691678500317 0 42349
1691678500415 0 42399
1691678500514 0 42449
1691678500611 0 42499
1691678500709 0 42549
1691678500808 0 42599
1691678500905 0 42649
1691678501002 0 42699
1691678501099 0 42749
1691678501197 0 42799
1691678501294 0 42849
1691678501392 0 42899
1691678501490 0 42949
1691678501588 0 42999
1691678501686 0 43049
1691678501784 0 43099
1691678501882 0 43149
1691678501979 0 43199
1691678502077 0 43249
1691678502175 0 43299
1691678502273 0 43349
1691678502372 0 43399
1691678502469 0 43449
1691678502567 0 43499
1691678502665 0 43549
1691678502763 0 43599
1691678502861 0 43649
1691678502958 0 43699
1691678503056 0 43749
1691678503154 0 43799
1691678503252 0 43849
1691678503350 0 43899
1691678503447 0 43949
1691678503548 0 43999
1691678503646 0 44049
1691678503744 0 44099
1691678503842 0 44149
1691678503939 0 44199
1691678504037 0 44249
1691678504134 0 44299
1691678504232 0 44349
1691678504328 0 44399
1691678504425 0 44449
1691678504523 0 44499
1691678504619 0 44549
1691678504714 0 44599
1691678504809 0 44649
1691678504903 0 44699
1691678504998 0 44749
1691678505093 0 44799
1691678505188 0 44849
1691678505288 0 44899
1691678505382 0 44949
1691678505478 0 44999
1691678505577 0 45049
1691678505671 0 45099
1691678505767 0 45149
1691678505862 0 45199
1691678505957 0 45249
1691678506052 0 45299
1691678506147 0 45349
1691678506242 0 45399
1691678506337 0 45449
1691678506433 0 45499
1691678506529 0 45549
1691678506623 0 45599
1691678506718 0 45649
1691678506813 0 45699
1691678506908 0 45749
1691678507003 0 45799
1691678507097 0 45849
1691678507192 0 45899
1691678507290 0 45949
1691678507387 0 45999
1691678507490 0 46049
1691678507584 0 46099
1691678507679 0 46149
1691678507773 0 46199
1691678507868 0 46249
1691678507964 0 46299
1691678508059 0 46349
1691678508165 0 46399
1691678508260 0 46449
1691678508355 0 46499
1691678508455 0 46549
1691678508551 0 46599
1691678508645 0 46649
1691678508741 0 46699
1691678508836 0 46749
1691678508931 0 46799
1691678509025 0 46849
1691678509119 0 46899
1691678509214 0 46949
1691678509308 0 46999
1691678509402 0 47049
1691678509497 0 47099
1691678509591 0 47149
1691678509685 0 47199
1691678509779 0 47249
1691678509873 0 47299
1691678509968 0 47349
1691678510063 0 47399
1691678510158 0 47449
1691678510252 0 47499
1691678510347 0 47549
1691678510442 0 47599
1691678510537 0 47649
1691678510632 0 47699
1691678510727 0 47749
1691678510823 0 47799
1691678510918 0 47849
1691678511012 0 47899
1691678511107 0 47949
1691678511201 0 47999
1691678520804 0 47999
1691678520809 0 47999
1691678520905 1 48049
1691678521000 1 48099
1691678521094 1 48149
1691678521189 1 48199
1691678521283 1 48249
1691678521377 1 48299
1691678521471 1 48349
1691678521565 1 48399
1691678521660 1 48449
1691678521754 1 48499
1691678521849 1 48549
1691678521943 1 48599
1691678522038 1 48649
1691678522133 1 48699
1691678522228 1 48749
1691678522323 1 48799
1691678522419 1 48849
1691678522515 1 48899
1691678522611 1 48949
1691678522707 1 48999
1691678522803 1 49049
1691678522899 1 49099
1691678522995 1 49149
1691678523092 1 49199
1691678523188 1 49249
1691678523284 1 49299
1691678523380 1 49349
1691678523477 1 49399
1691678523573 1 49449
1691678523670 1 49499
1691678523766 1 49549
1691678523863 1 49599
1691678523958 1 49649
1691678524054 1 49699
1691678524149 1 49749
1691678524244 1 49799
1691678524340 1 49849
1691678524436 1 49899
1691678524531 1 49949
1691678524626 1 49999
1691678524722 1 50049
1691678524818 1 50099
