1691678418811 0.08300161361694336 49
1691678418909 0.05438247695565224 99
1691678419008 0.046898335218429565 149
1691678419106 0.04153924435377121 199
1691678419203 0.07099245488643646 249
1691678419301 0.06035954877734184 299
1691678419400 0.05344665050506592 349
1691678419498 0.046345870941877365 399
1691678419596 0.09737060964107513 449
1691678419694 0.0545223094522953 499
1691678419791 0.05449213087558746 549
1691678419887 0.04682629182934761 599
1691678419985 0.05872110277414322 649
1691678420082 0.05904211103916168 699
1691678420180 0.06965123862028122 749
1691678420277 0.03612333908677101 799
1691678420374 0.060453131794929504 849
1691678420471 0.07352245599031448 899
1691678420568 0.060454804450273514 949
1691678420665 0.034246258437633514 999
1691678420763 0.06017778068780899 1049
1691678420860 0.05852602794766426 1099
1691678420956 0.04859066754579544 1149
1691678421053 0.05263487994670868 1199
1691678421150 0.05725574493408203 1249
1691678421247 0.048669520765542984 1299
1691678421342 0.04477871581912041 1349
1691678421437 0.035065870732069016 1399
1691678421531 0.05003379285335541 1449
1691678421625 0.08703581243753433 1499
1691678421719 0.048599399626255035 1549
1691678421813 0.0508812814950943 1599
1691678421907 0.03621377795934677 1649
1691678422001 0.03424232080578804 1699
1691678422096 0.04763795807957649 1749
1691678422190 0.09020125865936279 1799
1691678422284 0.057794004678726196 1849
1691678422379 0.052258431911468506 1899
1691678422473 0.046531256288290024 1949
1691678422567 0.05192336067557335 1999
1691678422665 0.0447392463684082 2049
1691678422759 0.029537126421928406 2099
1691678422852 0.0550185926258564 2149
1691678422946 0.031766850501298904 2199
1691678423040 0.0380014069378376 2249
1691678423133 0.05421127378940582 2299
1691678423227 0.045053690671920776 2349
1691678423321 0.05198957398533821 2399
1691678423415 0.016476409509778023 2449
1691678423509 0.07591215521097183 2499
1691678423603 0.05625900253653526 2549
1691678423697 0.028812019154429436 2599
1691678423790 0.04147499427199364 2649
1691678423884 0.040906257927417755 2699
1691678423977 0.07241737097501755 2749
1691678424071 0.039034150540828705 2799
1691678424165 0.03790300339460373 2849
1691678424259 0.0516921766102314 2899
1691678424352 0.05251938849687576 2949
1691678424445 0.08778964728116989 2999
1691678424539 0.03670397400856018 3049
1691678424633 0.06488266587257385 3099
1691678424727 0.06894733011722565 3149
1691678424820 0.03628214821219444 3199
1691678424913 0.037904754281044006 3249
1691678425007 0.053231947124004364 3299
1691678425101 0.04259675741195679 3349
1691678425195 0.04907739907503128 3399
1691678425289 0.06191305071115494 3449
1691678425383 0.028025232255458832 3499
1691678425476 0.0492803230881691 3549
1691678425572 0.062439870089292526 3599
1691678425666 0.029799604788422585 3649
1691678425763 0.05305829644203186 3699
1691678425860 0.023127874359488487 3749
1691678425957 0.06753187626600266 3799
1691678426053 0.04813126102089882 3849
1691678426150 0.043260086327791214 3899
1691678426247 0.07179803401231766 3949
1691678426341 0.03398669883608818 3999
1691678426438 0.04081437364220619 4049
1691678426535 0.04884427785873413 4099
1691678426631 0.009543512016534805 4149
1691678426727 0.057605307549238205 4199
1691678426825 0.0743209645152092 4249
1691678426921 0.07082727551460266 4299
1691678427017 0.0448293536901474 4349
1691678427113 0.06244456395506859 4399
1691678427209 0.05859971046447754 4449
1691678427305 0.08553566038608551 4499
1691678427400 0.010383606888353825 4549
1691678427494 0.060372382402420044 4599
1691678427589 0.037086356431245804 4649
1691678427704 0.06974834203720093 4699
1691678427799 0.053379885852336884 4749
1691678427893 0.059586115181446075 4799
1691678427988 0.04564525932073593 4849
1691678428082 0.009573282673954964 4899
1691678428177 0.07959268242120743 4949
1691678428271 0.047164350748062134 4999
1691678428365 0.049170318990945816 5049
1691678428459 0.04588324576616287 5099
1691678428553 0.04938378557562828 5149
1691678428648 0.05121048167347908 5199
1691678428742 0.045401763170957565 5249
1691678428837 0.0657258853316307 5299
1691678428931 0.038095567375421524 5349
1691678429025 0.04906435310840607 5399
1691678429119 0.03023482859134674 5449
1691678429213 0.028977086767554283 5499
1691678429307 0.03618567809462547 5549
1691678429402 0.054400667548179626 5599
1691678429496 0.04825584962964058 5649
1691678429590 0.026775160804390907 5699
1691678429685 0.06725795567035675 5749
1691678429780 0.03764386102557182 5799
1691678429874 0.03145839273929596 5849
1691678429968 0.06451476365327835 5899
1691678430063 0.09038262069225311 5949
1691678430157 0.03167782351374626 5999
1691678430252 0.04773714393377304 6049
1691678430346 0.042703140527009964 6099
1691678430440 0.04376322776079178 6149
1691678430534 0.0593884214758873 6199
1691678430629 0.03680752217769623 6249
1691678430723 0.05235087871551514 6299
1691678430820 0.010168871842324734 6349
1691678430914 0.04244755208492279 6399
1691678431008 0.040233202278614044 6449
1691678431103 0.062387872487306595 6499
1691678431197 0.04924998804926872 6549
1691678431291 0.043751101940870285 6599
1691678431387 0.06377917528152466 6649
1691678431482 0.05600610002875328 6699
1691678431578 0.07247602939605713 6749
1691678431674 0.08861545473337173 6799
1691678431769 0.043259065598249435 6849
1691678431864 0.137119859457016 6899
1691678431959 0.03519054129719734 6949
1691678432053 0.01257319562137127 6999
1691678432147 0.037005018442869186 7049
1691678432242 0.04283296689391136 7099
1691678432336 0.03502742201089859 7149
1691678432431 0.0530472993850708 7199
1691678432525 0.054551560431718826 7249
1691678432620 0.07002761960029602 7299
1691678432717 0.04505351930856705 7349
1691678432813 0.09443698078393936 7399
1691678432908 0.04243415221571922 7449
1691678433003 0.05570753663778305 7499
1691678433101 0.06876037269830704 7549
1691678433194 0.059352628886699677 7599
1691678433293 0.05885358154773712 7649
1691678433387 0.00882433820515871 7699
1691678433481 0.013165402226150036 7749
1691678433575 0.060628604143857956 7799
1691678433669 0.04284776747226715 7849
1691678433763 0.010333601385354996 7899
1691678433859 0.026118827983736992 7949
1691678433955 0.027461795136332512 7999
1691678434052 0.052164290100336075 8049
1691678434148 0.05291828140616417 8099
1691678434244 0.03313296660780907 8149
1691678434340 0.04250740259885788 8199
1691678434437 0.033355601131916046 8249
1691678434533 0.0320899672806263 8299
1691678434629 0.04302576929330826 8349
1691678434724 0.06492096930742264 8399
1691678434818 0.03453701734542847 8449
1691678434915 0.009895042516291142 8499
1691678435012 0.04589032009243965 8549
1691678435109 0.052517447620630264 8599
1691678435206 0.06648190319538116 8649
1691678435303 0.06900933384895325 8699
1691678435400 0.021822992712259293 8749
1691678435498 0.05958300083875656 8799
1691678435596 0.026111597195267677 8849
1691678435693 0.049521736800670624 8899
1691678435791 0.03971156105399132 8949
1691678435890 0.06152164191007614 8999
1691678435987 0.05614715442061424 9049
1691678436084 0.04388157278299332 9099
1691678436181 0.046328235417604446 9149
1691678436278 0.03620168939232826 9199
1691678436375 0.05282283574342728 9249
1691678436472 0.027059247717261314 9299
1691678436569 0.029880650341510773 9349
1691678436666 0.07252605259418488 9399
1691678436763 0.018383502960205078 9449
1691678436862 0.04629214480519295 9499
1691678436959 0.053538728505373 9549
1691678437057 0.033771004527807236 9599
1691678437153 0.07803061604499817 9649
1691678437250 0.038811054080724716 9699
1691678437348 0.054445598274469376 9749
1691678437445 0.05940179154276848 9799
1691678437542 0.0393228605389595 9849
1691678437640 0.0801430195569992 9899
1691678437758 0.07525622844696045 9949
1691678437856 0.04370077699422836 9999
1691678437955 0.04612652212381363 10049
1691678438052 0.053882353007793427 10099
1691678438149 0.044780831784009933 10149
1691678438247 0.048597898334264755 10199
1691678438344 0.030197659507393837 10249
1691678438442 0.04225989803671837 10299
1691678438540 0.03475599363446236 10349
1691678438638 0.04526539146900177 10399
1691678438735 0.04789270460605621 10449
1691678438833 0.06837577372789383 10499
1691678438930 0.05608748272061348 10549
1691678439028 0.049950987100601196 10599
1691678439125 0.07606916129589081 10649
1691678439223 0.04714824631810188 10699
1691678439320 0.05052204802632332 10749
1691678439418 0.06757955253124237 10799
1691678439515 0.06434542685747147 10849
1691678439614 0.0853954404592514 10899
1691678439711 0.0389070101082325 10949
1691678439808 0.06496437638998032 10999
1691678439905 0.052448973059654236 11049
1691678440001 0.03582700714468956 11099
1691678440098 0.05709405243396759 11149
1691678440195 0.04255705326795578 11199
1691678440293 0.036968737840652466 11249
1691678440390 0.036596283316612244 11299
1691678440487 0.05307775363326073 11349
1691678440584 0.014110990799963474 11399
1691678440682 0.04316706582903862 11449
1691678440781 0.05447724834084511 11499
1691678440879 0.046704165637493134 11549
1691678440977 0.03480008617043495 11599
1691678441075 0.062288857996463776 11649
1691678441172 0.04902487248182297 11699
1691678441269 0.007765918038785458 11749
1691678441367 0.04643448069691658 11799
1691678441464 0.04046983644366264 11849
1691678441561 0.03967155143618584 11899
1691678441658 0.025155989453196526 11949
1691678441755 0.05957869067788124 11999
1691678441854 0.07684481143951416 12049
1691678441951 0.024424469098448753 12099
1691678442049 0.009069114923477173 12149
1691678442146 0.043094079941511154 12199
1691678442244 0.053396906703710556 12249
1691678442341 0.04725954309105873 12299
1691678442439 0.04445059970021248 12349
1691678442536 0.032946083694696426 12399
1691678442634 0.06515461206436157 12449
1691678442731 0.05818460136651993 12499
1691678442848 0.05913865566253662 12549
1691678442945 0.053193412721157074 12599
1691678443046 0.04833637923002243 12649
1691678443142 0.0348588228225708 12699
1691678443245 0.05092241242527962 12749
1691678443342 0.0656898021697998 12799
1691678443440 0.06879396736621857 12849
1691678443537 0.05543972924351692 12899
1691678443632 0.04158109799027443 12949
1691678443727 0.06125698611140251 12999
1691678443821 0.03903942555189133 13049
1691678443915 0.05008583143353462 13099
1691678444009 0.07650395482778549 13149
1691678444103 0.05165258049964905 13199
1691678444198 0.05611291155219078 13249
1691678444292 0.04693663865327835 13299
1691678444386 0.0504283681511879 13349
1691678444481 0.04468316212296486 13399
1691678444576 0.03454245254397392 13449
1691678444671 0.05361908674240112 13499
1691678444766 0.031084036454558372 13549
1691678444861 0.04923618957400322 13599
1691678444956 0.05121976509690285 13649
1691678445051 0.04425123706459999 13699
1691678445145 0.03351783752441406 13749
1691678445241 0.03186604380607605 13799
1691678445335 0.09926013648509979 13849
1691678445430 0.02897215262055397 13899
1691678445525 0.04353709891438484 13949
1691678445620 0.04442423954606056 13999
1691678445714 0.07530568540096283 14049
1691678445810 0.06278600543737411 14099
1691678445904 0.038252636790275574 14149
1691678445999 0.011303099803626537 14199
1691678446093 0.05000727251172066 14249
1691678446188 0.06318966299295425 14299
1691678446282 0.04212949052453041 14349
1691678446377 0.05553087964653969 14399
1691678446471 0.050298646092414856 14449
1691678446567 0.03180760517716408 14499
1691678446663 0.029682226479053497 14549
1691678446760 0.054075468331575394 14599
1691678446856 0.03243374824523926 14649
1691678446953 0.03074263036251068 14699
1691678447049 0.033554572612047195 14749
1691678447145 0.08241357654333115 14799
1691678447242 0.07400652021169662 14849
1691678447338 0.05372890457510948 14899
1691678447434 0.03477615490555763 14949
1691678447531 0.05286940187215805 14999
1691678447627 0.0453927181661129 15049
1691678447723 0.08770780265331268 15099
1691678447818 0.04877714440226555 15149
1691678447916 0.0670098289847374 15199
1691678448011 0.020401593297719955 15249
1691678448106 0.05052568018436432 15299
1691678448200 0.06237754225730896 15349
1691678448296 0.05386713892221451 15399
1691678448391 0.0781266987323761 15449
1691678448486 0.049116093665361404 15499
1691678448581 0.04153747856616974 15549
1691678448676 0.06571824848651886 15599
1691678448771 0.06353636831045151 15649
1691678448866 0.04316001757979393 15699
1691678448961 0.04951132833957672 15749
1691678449057 0.01203181967139244 15799
1691678449152 0.061019014567136765 15849
1691678449248 0.025661472231149673 15899
1691678449343 0.058530379086732864 15949
1691678449434 0.016463810577988625 15999
1691678449525 0.00924703199416399 16049
1691678449616 0.07363215833902359 16099
1691678449708 0.04503079876303673 16149
1691678449802 0.028468484058976173 16199
1691678449896 0.05458841100335121 16249
1691678449991 0.04074496030807495 16299
1691678450085 0.07275845855474472 16349
1691678450180 0.09059043973684311 16399
1691678450275 0.04489923268556595 16449
1691678450369 0.01525102462619543 16499
1691678450464 0.06165897473692894 16549
1691678450558 0.03200797736644745 16599
1691678450653 0.02839791774749756 16649
1691678450747 0.03651576116681099 16699
1691678450838 0.028051814064383507 16749
1691678450931 0.009682932868599892 16799
1691678451022 0.04853677749633789 16849
1691678451113 0.041898589581251144 16899
1691678451207 0.04646574705839157 16949
1691678451302 0.06122266873717308 16999
1691678451397 0.03088650293648243 17049
1691678451492 0.05295901745557785 17099
1691678451587 0.040892988443374634 17149
1691678451682 0.04356401786208153 17199
1691678451777 0.02237861417233944 17249
1691678451872 0.036685481667518616 17299
1691678451967 0.04378800839185715 17349
1691678452061 0.03867826610803604 17399
1691678452156 0.03441058099269867 17449
1691678452251 0.04348202422261238 17499
1691678452347 0.0511423721909523 17549
1691678452442 0.03537748381495476 17599
1691678452537 0.04790659248828888 17649
1691678452632 0.056558363139629364 17699
1691678452727 0.018591858446598053 17749
1691678452824 0.03602813929319382 17799
1691678452940 0.02557220496237278 17849
1691678453035 0.06972122192382812 17899
1691678453130 0.06460374593734741 17949
1691678453224 0.05879025533795357 17999
1691678453319 0.04275805875658989 18049
1691678453414 0.09337224811315536 18099
1691678453509 0.04871291294693947 18149
1691678453603 0.018095046281814575 18199
1691678453698 0.050323184579610825 18249
1691678453792 0.07088921219110489 18299
1691678453886 0.061255209147930145 18349
1691678453980 0.05164794251322746 18399
1691678454075 0.05921269208192825 18449
1691678454169 0.03633065149188042 18499
1691678454263 0.045488279312849045 18549
1691678454357 0.0763636901974678 18599
1691678454451 0.06544600427150726 18649
1691678454545 0.034153904765844345 18699
1691678454639 0.00928907934576273 18749
1691678454733 0.04931383952498436 18799
1691678454828 0.031456176191568375 18849
1691678454922 0.044721100479364395 18899
1691678455016 0.014072640798985958 18949
1691678455111 0.025761954486370087 18999
1691678455205 0.03538305684924126 19049
1691678455299 0.05387268587946892 19099
1691678455393 0.07026033848524094 19149
1691678455488 0.05318988114595413 19199
1691678455583 0.06342492997646332 19249
1691678455681 0.032248660922050476 19299
1691678455779 0.04429928585886955 19349
1691678455877 0.06125707924365997 19399
1691678455975 0.019048580899834633 19449
1691678456072 0.04524577409029007 19499
1691678456170 0.07103360444307327 19549
1691678456267 0.05295968055725098 19599
1691678456364 0.07504553347826004 19649
1691678456461 0.06843329966068268 19699
1691678456558 0.04561051353812218 19749
1691678456655 0.06775134801864624 19799
1691678456752 0.0611019991338253 19849
1691678456850 0.033782709389925 19899
1691678456947 0.06983349472284317 19949
1691678457044 0.036441124975681305 19999
1691678457141 0.04767893627285957 20049
1691678457238 0.05083957314491272 20099
1691678457335 0.06555605679750443 20149
1691678457432 0.03884018957614899 20199
1691678457528 0.03745437040925026 20249
1691678457624 0.08500395715236664 20299
1691678457720 0.03997420519590378 20349
1691678457817 0.06635374575853348 20399
1691678457913 0.027028482407331467 20449
1691678458014 0.06196092814207077 20499
1691678458111 0.026373397558927536 20549
1691678458207 0.06350518018007278 20599
1691678458304 0.10538586229085922 20649
1691678458401 0.03021502122282982 20699
1691678458498 0.015930715948343277 20749
1691678458595 0.05807865783572197 20799
1691678458692 0.07114200294017792 20849
1691678458789 0.029627826064825058 20899
1691678458885 0.03012922778725624 20949
1691678458983 0.06168590486049652 20999
1691678459080 0.04437631368637085 21049
1691678459177 0.03657975792884827 21099
1691678459274 0.039915092289447784 21149
1691678459370 0.03423973545432091 21199
1691678459467 0.009367583319544792 21249
1691678459564 0.035877153277397156 21299
1691678459661 0.04891136288642883 21349
1691678459757 0.06912550330162048 21399
1691678459854 0.043867506086826324 21449
1691678459951 0.044830407947301865 21499
1691678460048 0.03804091364145279 21549
1691678460145 0.03630143031477928 21599
1691678460242 0.05003856122493744 21649
1691678460339 0.0440303236246109 21699
1691678460436 0.04274139180779457 21749
1691678460533 0.05348549783229828 21799
1691678460629 0.055499494075775146 21849
1691678460726 0.03991145268082619 21899
1691678460824 0.059364814311265945 21949
1691678460921 0.05670204013586044 21999
1691678461018 0.0528663694858551 22049
1691678461115 0.04435481131076813 22099
1691678461212 0.037714190781116486 22149
1691678461309 0.0683826431632042 22199
1691678461405 0.08017966896295547 22249
1691678461503 0.026356292888522148 22299
1691678461600 0.04664679989218712 22349
1691678461697 0.05502590164542198 22399
1691678461795 0.04449267312884331 22449
1691678461892 0.050242479890584946 22499
1691678461989 0.01990904100239277 22549
1691678462086 0.04150586202740669 22599
1691678462184 0.03384887054562569 22649
1691678462281 0.06276988238096237 22699
1691678462379 0.04318299517035484 22749
1691678462476 0.06051402911543846 22799
1691678462577 0.066348597407341 22849
1691678462674 0.040609367191791534 22899
1691678462771 0.03209281340241432 22949
1691678462868 0.056320786476135254 22999
1691678462965 0.04163051396608353 23049
1691678463082 0.04253057390451431 23099
1691678463179 0.01751556061208248 23149
1691678463276 0.06991542130708694 23199
1691678463373 0.04822445288300514 23249
1691678463470 0.08351431041955948 23299
1691678463567 0.042104627937078476 23349
1691678463663 0.04250817373394966 23399
1691678463760 0.07454151660203934 23449
1691678463856 0.007649674545973539 23499
1691678463952 0.0724499523639679 23549
1691678464049 0.04619523510336876 23599
1691678464143 0.036533940583467484 23649
1691678464237 0.042684394866228104 23699
1691678464332 0.04089158773422241 23749
1691678464425 0.04027235880494118 23799
1691678464519 0.05983678624033928 23849
1691678464614 0.04950388893485069 23899
1691678464707 0.04216459393501282 23949
1691678464801 0.04588725417852402 23999
1691678464896 0.0587463304400444 24049
1691678464990 0.02416497841477394 24099
1691678465084 0.04449411854147911 24149
1691678465178 0.025443371385335922 24199
1691678465272 0.021279839798808098 24249
1691678465366 0.033574700355529785 24299
1691678465460 0.02124888263642788 24349
1691678465554 0.06110464781522751 24399
1691678465647 0.0735984593629837 24449
1691678465741 0.03645133972167969 24499
1691678465836 0.038222625851631165 24549
1691678465931 0.04083218798041344 24599
1691678466025 0.011840220540761948 24649
1691678466119 0.04827354848384857 24699
1691678466213 0.05532664433121681 24749
1691678466306 0.04695901647210121 24799
1691678466400 0.03739720210433006 24849
1691678466494 0.04394965246319771 24899
1691678466588 0.0867031067609787 24949
1691678466682 0.06480919569730759 24999
1691678466776 0.06045025214552879 25049
1691678466870 0.04930877685546875 25099
1691678466965 0.035840652883052826 25149
1691678467059 0.020602425560355186 25199
1691678467153 0.01179659366607666 25249
1691678467247 0.06335024535655975 25299
1691678467341 0.05131625011563301 25349
1691678467435 0.012158213183283806 25399
1691678467529 0.0429009310901165 25449
1691678467623 0.042937327176332474 25499
1691678467717 0.03871811926364899 25549
1691678467810 0.03921523690223694 25599
1691678467905 0.0077845873311161995 25649
1691678468003 0.03761989623308182 25699
1691678468103 0.054802846163511276 25749
1691678468199 0.04339589923620224 25799
1691678468296 0.015422126278281212 25849
1691678468393 0.04183570668101311 25899
1691678468490 0.058614496141672134 25949
1691678468587 0.02558133751153946 25999
1691678468684 0.05617087706923485 26049
1691678468781 0.05205489695072174 26099
1691678468877 0.05924592167139053 26149
1691678468974 0.03246113657951355 26199
1691678469070 0.0689123272895813 26249
1691678469167 0.01861906796693802 26299
1691678469264 0.03209032863378525 26349
1691678469361 0.05581599101424217 26399
1691678469457 0.024826427921652794 26449
1691678469554 0.04461841285228729 26499
1691678469651 0.0547003410756588 26549
1691678469748 0.022181276232004166 26599
1691678469846 0.025591382756829262 26649
1691678469943 0.021568918600678444 26699
1691678470040 0.0428522564470768 26749
1691678470137 0.03815261274576187 26799
1691678470234 0.03941996768116951 26849
1691678470331 0.06884901970624924 26899
1691678470427 0.04017907753586769 26949
1691678470524 0.04615510627627373 26999
1691678470622 0.04853770136833191 27049
1691678470721 0.05282104015350342 27099
1691678470818 0.12550412118434906 27149
1691678470915 0.03270682319998741 27199
1691678471012 0.032894473522901535 27249
1691678471108 0.04848690330982208 27299
1691678471205 0.023659834638237953 27349
1691678471301 0.026193922385573387 27399
1691678471399 0.05769564211368561 27449
1691678471496 0.06359247118234634 27499
1691678471593 0.03092874027788639 27549
1691678471689 0.06390339136123657 27599
1691678471786 0.04292593151330948 27649
1691678471883 0.03941521421074867 27699
1691678471979 0.07488514482975006 27749
1691678472079 0.017637522891163826 27799
1691678472174 0.059510841965675354 27849
1691678472275 0.07218027114868164 27899
1691678472372 0.04581795632839203 27949
1691678472469 0.06340005993843079 27999
1691678472565 0.03043714538216591 28049
1691678472662 0.011897110380232334 28099
1691678472759 0.053187642246484756 28149
1691678472856 0.061379384249448776 28199
1691678472953 0.03812798485159874 28249
1691678473051 0.026135850697755814 28299
1691678473151 0.05540458858013153 28349
1691678473249 0.05441146716475487 28399
1691678473345 0.07277613878250122 28449
1691678473442 0.060107190161943436 28499
1691678473539 0.03351766988635063 28549
1691678473636 0.06880024820566177 28599
1691678473733 0.009748348034918308 28649
1691678473829 0.04269104450941086 28699
1691678473926 0.05055844411253929 28749
1691678474023 0.033460140228271484 28799
1691678474120 0.03621980547904968 28849
1691678474216 0.06931037455797195 28899
1691678474313 0.026916662231087685 28949
1691678474410 0.04412200301885605 28999
1691678474507 0.04149353504180908 29049
1691678474604 0.06486375629901886 29099
1691678474700 0.04645955562591553 29149
1691678474794 0.06441941112279892 29199
1691678474888 0.057898715138435364 29249
1691678474983 0.06428039819002151 29299
1691678475076 0.04112717881798744 29349
1691678475170 0.031080912798643112 29399
1691678475264 0.04194558411836624 29449
1691678475358 0.02850775234401226 29499
1691678475453 0.04520881175994873 29549
1691678475547 0.034466907382011414 29599
1691678475643 0.012588581070303917 29649
1691678475738 0.05545872822403908 29699
1691678475833 0.036650266498327255 29749
1691678475927 0.052898649126291275 29799
1691678476021 0.04226092994213104 29849
1691678476115 0.014779898338019848 29899
1691678476209 0.050033655017614365 29949
1691678476304 0.043365661054849625 29999
1691678476398 0.03091523051261902 30049
1691678476493 0.008753905072808266 30099
1691678476588 0.05493267998099327 30149
1691678476687 0.044748589396476746 30199
1691678476785 0.027176832780241966 30249
1691678476883 0.04393857717514038 30299
1691678476981 0.052999310195446014 30349
1691678477078 0.028789106756448746 30399
1691678477174 0.06545406579971313 30449
1691678477271 0.04143383353948593 30499
1691678477368 0.01280571985989809 30549
1691678477465 0.049078088253736496 30599
1691678477561 0.03147438168525696 30649
1691678477658 0.012287837453186512 30699
1691678477755 0.04783102869987488 30749
1691678477852 0.06331688165664673 30799
1691678477949 0.007890059612691402 30849
1691678478046 0.030727040022611618 30899
1691678478142 0.025930682197213173 30949
1691678478245 0.029004618525505066 30999
1691678478345 0.030435940250754356 31049
1691678478442 0.040944039821624756 31099
1691678478539 0.06823768466711044 31149
1691678478638 0.011051839217543602 31199
1691678478737 0.03934301808476448 31249
1691678478837 0.0504453107714653 31299
1691678478936 0.03796646371483803 31349
1691678479036 0.046515073627233505 31399
1691678479135 0.02771758660674095 31449
1691678479234 0.07847929000854492 31499
1691678479333 0.042057882994413376 31549
1691678479433 0.04970962554216385 31599
1691678479532 0.013264838606119156 31649
1691678479632 0.05827470123767853 31699
1691678479731 0.018539676442742348 31749
1691678479831 0.03230854123830795 31799
1691678479930 0.02419077605009079 31849
1691678480030 0.07152177393436432 31899
1691678480129 0.05525309965014458 31949
1691678480228 0.03174549341201782 31999
1691678480327 0.029120080173015594 32049
1691678480427 0.041551947593688965 32099
1691678480527 0.03234419971704483 32149
1691678480626 0.04499661549925804 32199
1691678480725 0.05847979336977005 32249
1691678480827 0.01199506688863039 32299
1691678480929 0.05725714564323425 32349
1691678481030 0.07096121460199356 32399
1691678481132 0.05305891111493111 32449
1691678481231 0.08292476087808609 32499
1691678481331 0.05213882029056549 32549
1691678481431 0.0314636267721653 32599
1691678481531 0.0697387158870697 32649
1691678481630 0.06172007694840431 32699
1691678481730 0.0354011207818985 32749
1691678481830 0.035014957189559937 32799
1691678481929 0.04841764643788338 32849
1691678482029 0.012795180082321167 32899
1691678482129 0.045830413699150085 32949
1691678482229 0.05856284126639366 32999
1691678482329 0.03975224494934082 33049
1691678482428 0.06661567091941833 33099
1691678482527 0.017525682225823402 33149
1691678482627 0.03585401922464371 33199
1691678482726 0.0574500635266304 33249
1691678482826 0.018618285655975342 33299
1691678482925 0.014044608920812607 33349
1691678483025 0.06232592090964317 33399
1691678483125 0.015249392949044704 33449
1691678483227 0.027174929156899452 33499
1691678483331 0.018872955814003944 33549
1691678483433 0.010036559775471687 33599
1691678483533 0.056002695113420486 33649
1691678483633 0.051587458699941635 33699
1691678483732 0.05413203313946724 33749
1691678483829 0.03400925546884537 33799
1691678483925 0.04335005208849907 33849
1691678484022 0.006904886104166508 33899
1691678484120 0.06362126022577286 33949
1691678484217 0.04356570914387703 33999
1691678484314 0.054885998368263245 34049
1691678484411 0.05648481100797653 34099
1691678484508 0.03955787420272827 34149
1691678484605 0.03862611576914787 34199
1691678484700 0.054439522325992584 34249
1691678484796 0.03730550408363342 34299
1691678484892 0.029728034511208534 34349
1691678484988 0.05474650114774704 34399
1691678485085 0.014764305204153061 34449
1691678485181 0.0307089202105999 34499
1691678485275 0.041067637503147125 34549
1691678485370 0.0526902861893177 34599
1691678485464 0.05722494795918465 34649
1691678485559 0.0399191752076149 34699
1691678485654 0.07661649584770203 34749
1691678485748 0.04704811051487923 34799
1691678485843 0.011131959035992622 34849
1691678485938 0.04537973552942276 34899
1691678486032 0.06352877616882324 34949
1691678486127 0.0724564865231514 34999
1691678486221 0.036144714802503586 35049
1691678486316 0.056596264243125916 35099
1691678486409 0.04466539993882179 35149
1691678486501 0.04683099687099457 35199
1691678486594 0.03933655843138695 35249
1691678486688 0.06731054186820984 35299
1691678486783 0.05006789043545723 35349
1691678486878 0.0574113205075264 35399
1691678486973 0.02540864236652851 35449
1691678487068 0.03184998035430908 35499
1691678487162 0.037369582802057266 35549
1691678487256 0.034540724009275436 35599
1691678487351 0.043503254652023315 35649
1691678487448 0.008371436968445778 35699
1691678487545 0.04396053031086922 35749
1691678487642 0.03705298900604248 35799
1691678487738 0.03711429983377457 35849
1691678487834 0.037442658096551895 35899
1691678487931 0.04422973096370697 35949
1691678488025 0.03221648186445236 35999
1691678488119 0.07650479674339294 36049
1691678488214 0.03895837813615799 36099
1691678488307 0.04072839021682739 36149
1691678488404 0.062113769352436066 36199
1691678488499 0.03527209535241127 36249
1691678488593 0.055033084005117416 36299
1691678488687 0.05028553307056427 36349
1691678488783 0.05469503998756409 36399
1691678488877 0.059478048235177994 36449
1691678488972 0.05239448696374893 36499
1691678489066 0.03516288474202156 36549
1691678489159 0.04408259317278862 36599
1691678489252 0.03474118188023567 36649
1691678489347 0.0505266971886158 36699
1691678489443 0.07755168527364731 36749
1691678489537 0.04624449834227562 36799
1691678489633 0.05710913985967636 36849
1691678489727 0.03953242301940918 36899
1691678489824 0.038691144436597824 36949
1691678489919 0.026273196563124657 36999
1691678490014 0.03803554177284241 37049
1691678490107 0.0484454371035099 37099
1691678490200 0.012063967995345592 37149
1691678490294 0.04962986707687378 37199
1691678490388 0.046619150787591934 37249
1691678490482 0.05638942867517471 37299
1691678490576 0.027578013017773628 37349
1691678490670 0.01818304881453514 37399
1691678490766 0.013325829990208149 37449
1691678490861 0.038863107562065125 37499
1691678490956 0.06086953729391098 37549
1691678491051 0.031442832201719284 37599
1691678491146 0.047708239406347275 37649
1691678491241 0.05504760518670082 37699
1691678491336 0.029795514419674873 37749
1691678491431 0.049054406583309174 37799
1691678491525 0.028103481978178024 37849
1691678491620 0.03748470917344093 37899
1691678491714 0.03731440752744675 37949
1691678491809 0.05361426994204521 37999
1691678491904 0.023216741159558296 38049
1691678491998 0.010162456892430782 38099
1691678492093 0.020266203209757805 38149
1691678492188 0.049655329436063766 38199
1691678492283 0.02797878533601761 38249
1691678492377 0.03562965616583824 38299
1691678492473 0.0561048723757267 38349
1691678492568 0.04688907414674759 38399
1691678492664 0.0380270779132843 38449
1691678492760 0.026459526270627975 38499
1691678492855 0.010343207977712154 38549
1691678492950 0.03588326647877693 38599
1691678493049 0.05183000862598419 38649
1691678493147 0.03335465118288994 38699
1691678493247 0.030187182128429413 38749
1691678493347 0.006608093623071909 38799
1691678493450 0.05972665920853615 38849
1691678493549 0.08582741022109985 38899
1691678493649 0.04197793826460838 38949
1691678493748 0.04191543534398079 38999
1691678493848 0.060565825551748276 39049
1691678493947 0.038843996822834015 39099
1691678494047 0.05807921290397644 39149
1691678494147 0.042329564690589905 39199
1691678494246 0.08855239301919937 39249
1691678494343 0.03844891116023064 39299
1691678494440 0.08181648701429367 39349
1691678494536 0.03775385394692421 39399
1691678494636 0.02761923521757126 39449
1691678494736 0.05403682217001915 39499
1691678494836 0.038995757699012756 39549
1691678494936 0.04315295070409775 39599
1691678495036 0.04574785381555557 39649
1691678495136 0.043500617146492004 39699
1691678495235 0.049044232815504074 39749
1691678495338 0.04516149312257767 39799
1691678495453 0.033489324152469635 39849
1691678495546 0.0406375452876091 39899
1691678495640 0.09344317018985748 39949
1691678495733 0.07283782213926315 39999
1691678495828 0.03168082237243652 40049
1691678495922 0.058483950793743134 40099
1691678496015 0.03200108930468559 40149
1691678496109 0.03781062737107277 40199
1691678496202 0.032329946756362915 40249
1691678496296 0.008327893912792206 40299
1691678496390 0.05604291334748268 40349
1691678496483 0.04122600331902504 40399
1691678496576 0.03250011056661606 40449
1691678496670 0.05174139514565468 40499
1691678496764 0.033288732171058655 40549
1691678496858 0.03173800930380821 40599
1691678496951 0.023960305377840996 40649
1691678497045 0.07830724865198135 40699
1691678497138 0.04011618345975876 40749
1691678497232 0.054229121655225754 40799
1691678497325 0.035673029720783234 40849
1691678497419 0.049339015036821365 40899
1691678497512 0.045032016932964325 40949
1691678497606 0.015063970349729061 40999
1691678497700 0.029252754524350166 41049
1691678497802 0.05160515382885933 41099
1691678497904 0.03549572452902794 41149
1691678498002 0.022108692675828934 41199
1691678498099 0.07900933921337128 41249
1691678498196 0.03149355202913284 41299
1691678498293 0.05755222961306572 41349
1691678498393 0.031214285641908646 41399
1691678498493 0.008980592712759972 41449
1691678498593 0.02107890509068966 41499
1691678498691 0.058511294424533844 41549
1691678498788 0.05981563404202461 41599
1691678498885 0.04253152012825012 41649
1691678498984 0.015815185382962227 41699
1691678499093 0.02893623523414135 41749
1691678499197 0.046730075031518936 41799
1691678499299 0.03999488055706024 41849
1691678499401 0.0188350360840559 41899
1691678499502 0.04752037301659584 41949
1691678499603 0.04225992411375046 41999
1691678499705 0.015347792766988277 42049
1691678499813 0.020697327330708504 42099
1691678499918 0.029176857322454453 42149
1691678500018 0.045443903654813766 42199
1691678500118 0.04035082459449768 42249
1691678500217 0.03351809084415436 42299
1691678500317 0.013927461579442024 42349
1691678500415 0.06021339073777199 42399
1691678500514 0.04692322388291359 42449
1691678500611 0.033446140587329865 42499
1691678500709 0.06534355133771896 42549
1691678500808 0.06726891547441483 42599
1691678500905 0.03511938452720642 42649
1691678501002 0.05135795846581459 42699
1691678501099 0.030985133722424507 42749
1691678501197 0.058756470680236816 42799
1691678501294 0.08042546361684799 42849
1691678501392 0.0305866040289402 42899
1691678501490 0.0478731133043766 42949
1691678501588 0.06334096938371658 42999
1691678501686 0.03939354047179222 43049
1691678501784 0.04892875626683235 43099
1691678501882 0.05017553269863129 43149
1691678501979 0.06683439761400223 43199
1691678502077 0.055857863277196884 43249
1691678502175 0.01568024791777134 43299
1691678502273 0.053468137979507446 43349
1691678502372 0.03619963675737381 43399
1691678502469 0.03902459517121315 43449
1691678502567 0.07915198057889938 43499
1691678502665 0.009399814531207085 43549
1691678502763 0.03496961295604706 43599
1691678502861 0.05260450765490532 43649
1691678502958 0.03141845390200615 43699
1691678503056 0.035313740372657776 43749
1691678503154 0.008141406811773777 43799
1691678503252 0.0405719056725502 43849
1691678503350 0.07316549122333527 43899
1691678503447 0.05285131186246872 43949
1691678503548 0.04866410791873932 43999
1691678503646 0.01476493664085865 44049
1691678503744 0.03210274130105972 44099
1691678503842 0.030629081651568413 44149
1691678503939 0.005475667770951986 44199
1691678504037 0.035393599420785904 44249
1691678504134 0.0714259147644043 44299
1691678504232 0.04029184952378273 44349
1691678504328 0.027954427525401115 44399
1691678504425 0.04380419850349426 44449
1691678504523 0.037613674998283386 44499
1691678504619 0.04109619930386543 44549
1691678504714 0.024010954424738884 44599
1691678504809 0.04318350553512573 44649
1691678504903 0.041803136467933655 44699
1691678504998 0.02761032059788704 44749
1691678505093 0.0663519948720932 44799
1691678505188 0.0450589694082737 44849
1691678505288 0.05328873544931412 44899
1691678505382 0.051396261900663376 44949
1691678505478 0.043561797589063644 44999
1691678505577 0.06310392916202545 45049
1691678505671 0.012556107714772224 45099
1691678505767 0.04144373536109924 45149
1691678505862 0.05843709409236908 45199
1691678505957 0.04897049814462662 45249
1691678506052 0.03711908683180809 45299
1691678506147 0.01726914383471012 45349
1691678506242 0.0661519467830658 45399
1691678506337 0.0398838184773922 45449
1691678506433 0.03794217109680176 45499
1691678506529 0.037560150027275085 45549
1691678506623 0.0636320412158966 45599
1691678506718 0.049554385244846344 45649
1691678506813 0.03585025295615196 45699
1691678506908 0.049581948667764664 45749
1691678507003 0.05263642594218254 45799
1691678507097 0.03051995113492012 45849
1691678507192 0.03616827353835106 45899
1691678507290 0.013500063680112362 45949
1691678507387 0.07017523795366287 45999
1691678507490 0.008121760562062263 46049
1691678507584 0.07097724080085754 46099
1691678507679 0.0556822307407856 46149
1691678507773 0.037791237235069275 46199
1691678507868 0.02006867714226246 46249
1691678507964 0.06475505977869034 46299
1691678508059 0.03279836103320122 46349
1691678508165 0.03089440055191517 46399
1691678508260 0.047269273549318314 46449
1691678508355 0.060458503663539886 46499
1691678508455 0.09031137079000473 46549
1691678508551 0.06999135762453079 46599
1691678508645 0.03586778789758682 46649
1691678508741 0.03701475262641907 46699
1691678508836 0.039576005190610886 46749
1691678508931 0.04923279955983162 46799
1691678509025 0.027471983805298805 46849
1691678509119 0.025418320670723915 46899
1691678509214 0.0667441114783287 46949
1691678509308 0.04749297350645065 46999
1691678509402 0.033273834735155106 47049
1691678509497 0.04039625823497772 47099
1691678509591 0.051322031766176224 47149
1691678509685 0.011661132797598839 47199
1691678509779 0.04367246851325035 47249
1691678509873 0.05001554638147354 47299
1691678509968 0.05185982212424278 47349
1691678510063 0.04010951519012451 47399
1691678510158 0.03909958153963089 47449
1691678510252 0.049713898450136185 47499
1691678510347 0.030892567709088326 47549
1691678510442 0.05332977697253227 47599
1691678510537 0.04212462157011032 47649
1691678510632 0.035057518631219864 47699
1691678510727 0.04637616500258446 47749
1691678510823 0.0641532689332962 47799
1691678510918 0.04160849004983902 47849
1691678511012 0.059586089104413986 47899
1691678511107 0.06021927297115326 47949
1691678511201 0.0442822203040123 47999
1691678520905 0.04957027733325958 48049
1691678521000 0.03518602252006531 48099
1691678521094 0.01632668264210224 48149
1691678521189 0.04055773839354515 48199
1691678521283 0.058177947998046875 48249
1691678521377 0.03411891311407089 48299
1691678521471 0.040277980268001556 48349
1691678521565 0.035138364881277084 48399
1691678521660 0.04494938626885414 48449
1691678521754 0.038286857306957245 48499
1691678521849 0.01532396674156189 48549
1691678521943 0.04191195219755173 48599
1691678522038 0.03781009092926979 48649
1691678522133 0.04730482026934624 48699
1691678522228 0.07107778638601303 48749
1691678522323 0.0430234894156456 48799
1691678522419 0.02929691970348358 48849
1691678522515 0.06375309079885483 48899
1691678522611 0.05392664670944214 48949
1691678522707 0.038049448281526566 48999
1691678522803 0.05480644479393959 49049
1691678522899 0.03147053346037865 49099
1691678522995 0.03307810053229332 49149
1691678523092 0.04377516731619835 49199
1691678523188 0.04227568954229355 49249
1691678523284 0.033738501369953156 49299
1691678523380 0.048526499420404434 49349
1691678523477 0.032859668135643005 49399
1691678523573 0.04245006665587425 49449
1691678523670 0.0413808636367321 49499
1691678523766 0.05850367993116379 49549
1691678523863 0.03713752329349518 49599
1691678523958 0.030505549162626266 49649
1691678524054 0.040406566113233566 49699
1691678524149 0.04386153444647789 49749
1691678524244 0.0830315351486206 49799
1691678524340 0.04915858060121536 49849
1691678524436 0.04849199205636978 49899
1691678524531 0.062263935804367065 49949
1691678524626 0.05010773241519928 49999
1691678524722 0.04325177147984505 50049
1691678524818 0.02717491053044796 50099
